23 36 67 104 (3040)
36 56 94 120 (2832)
31 71 90 97 (2572)
11 36 38 97 (3016)
24 36 56 90 94 100 (2752)
23 36 38 90 94 97 (2976)
23 67 90 94 97 (2936)
23 36 38 41 67 90 94 (2872)
5 38 90 94 97 (2872)
24 36 79 (2616)
36 56 79 90 (2848)
1 23 38 41 67 90 (2656)
23 67 104 (3040)
56 94 120 (2832)
1 31 36 97 (2968)
1 71 90 (3540)
36 41 56 (3040)
24 36 38 94 97 (3296)
23 36 38 67 71 (2864)
23 36 90 97 (3080)
36 41 94 97 (5040)
23 38 41 90 94 97 104 (2720)
36 38 56 71 90 94 97 (2736)
36 41 67 90 94 104 (2824)
1 88 90 94 (2960)
23 38 67 104 (2936)
11 36 90 94 97 (3056)
1 41 67 71 104 (2536)
41 79 88 90 (2648)
1 36 38 41 67 90 94 (2656)
36 38 41 67 90 94 (2872)
36 38 56 97 (3744)
36 41 67 71 90 (2936)
36 38 56 67 90 97 (2736)
36 56 71 90 (3344)
1 56 90 97 (2848)
36 88 90 94 97 (4152)
1 38 41 67 90 104 (2656)
31 36 56 97 (2752)
23 36 71 94 97 (2744)
1 31 36 41 67 90 94 (2608)
23 36 38 71 90 97 104 (2640)
36 104 (3776)
2 36 90 94 97 120 (2776)
38 56 97 (3744)
38 79 90 94 97 (2960)
1 36 88 90 97 (2544)
36 57 90 94 97 (3680)
23 41 (3016)
56 67 94 (3344)
36 38 94 97 (6272)
36 42 90 (2536)
1 23 67 71 (2560)
24 38 94 120 (2528)
1 36 41 71 97 (2752)
23 36 41 97 104 (2720)
36 57 97 (3680)
1 36 90 94 (4296)
36 56 67 94 (3344)
36 41 67 104 (2824)
23 41 97 (2720)
56 71 94 97 (3344)
23 36 (3376)
38 41 67 90 94 (2872)
1 36 38 90 94 (2816)
36 41 71 97 (2896)
1 38 67 71 90 94 (2560)
1 36 90 94 97 104 (2624)
23 38 71 94 97 104 (2640)
36 38 56 90 97 (3744)
36 41 57 94 (3432)
36 38 79 90 94 97 (2960)
56 90 94 97 (4864)
41 90 97 104 (2912)
36 57 (3800)
38 67 71 94 (3488)
41 57 97 (3312)
41 56 90 94 97 (3040)
23 36 41 97 (2720)
36 38 90 94 97 120 (3664)
31 41 56 90 94 (2752)
23 36 41 67 71 90 (2608)
1 23 38 67 90 (2656)
1 41 67 71 94 (2792)
1 36 41 90 97 (3456)
36 38 55 90 97 (2528)
38 71 94 104 (2936)
23 36 41 67 (2872)
36 38 88 94 97 (2928)
23 41 94 97 (2720)
41 67 71 90 (3128)
94 120 (3968)
36 71 97 (4444)
2 24 36 94 (3272)
56 90 94 100 (2752)
23 36 71 90 94 97 (2744)
36 41 55 90 (2624)
23 38 41 67 104 (2680)
36 38 67 104 (3128)
1 38 71 90 97 (2528)
36 38 97 (6272)
90 128 (3160)
23 36 41 94 104 (2824)
38 41 90 97 104 (2912)
2 24 36 38 90 (3176)
31 41 56 90 (2752)
56 71 (3344)
36 56 88 94 (2848)
41 57 90 97 (3312)
79 94 97 (4256)
56 88 90 94 97 (2848)
1 31 36 56 90 94 (2752)
31 36 41 56 97 (2752)
36 38 67 94 (4232)
1 31 (3688)
1 23 36 90 94 97 (2528)
36 41 90 97 (5040)
23 36 38 67 71 94 (2864)
1 36 79 90 94 97 (2616)
23 71 90 97 104 (2744)
41 79 (3080)
36 79 97 (4256)
36 38 41 71 90 (2680)
24 36 41 (2648)
2 120 (2848)
23 38 67 90 104 (2936)
1 36 38 71 94 (2560)
11 38 (3220)
23 36 41 67 94 104 (2680)
1 36 38 41 (2672)
1 31 41 56 (2752)
55 97 (2904)
56 88 94 (2848)
36 41 55 (2624)
41 71 90 104 (2824)
36 67 94 (5124)
36 38 67 90 94 97 (3936)
23 36 38 41 71 94 (2680)
71 94 97 (4444)
36 79 (4744)
31 41 56 (2752)
36 41 56 94 (3040)
38 57 90 97 (3408)
23 36 90 97 104 (3080)
2 38 97 (3696)
90 94 97 (7568)
23 36 38 41 94 (3016)
38 41 94 (4376)
1 23 38 41 90 94 (2656)
38 56 90 (3744)
36 38 67 71 (3488)
1 23 36 90 97 104 (2528)
38 41 57 94 (3432)
41 90 (5880)
36 38 41 57 90 (3432)
23 41 71 90 (2680)
36 55 94 (3328)
31 67 71 (2666)
36 90 94 (8192)
36 71 79 97 (2860)
36 41 88 90 94 (3080)
67 90 97 (4876)
36 56 71 97 (3344)
23 36 41 94 97 (2720)
1 36 38 67 71 (2560)
36 38 79 90 (3160)
94 100 (3048)
41 79 90 97 (2592)
57 94 97 (3680)
1 41 67 (3504)
1 31 90 (3688)
36 55 90 (3336)
1 23 94 104 (2560)
2 90 97 120 (2776)
1 31 90 94 97 (2968)
36 67 88 97 (3064)
1 36 94 104 (2960)
1 41 67 90 94 (3312)
23 36 67 90 94 97 104 (2936)
36 41 71 94 (3336)
38 90 94 104 (3288)
23 36 38 41 90 97 (2720)
1 31 36 90 (3496)
36 38 67 71 90 97 104 (2760)
2 94 (3920)
36 71 90 94 (4884)
36 56 90 100 (2752)
31 36 56 90 97 (2752)
1 31 56 94 97 (2752)
1 23 36 38 41 67 90 (2656)
36 79 94 (4744)
23 36 38 41 67 90 104 (2680)
1 31 41 (3472)
71 79 90 94 (3204)
36 56 94 100 (2752)
1 23 67 90 (2752)
2 36 94 120 (2848)
36 41 67 90 (3528)
24 36 41 94 (2648)
1 23 36 38 41 67 94 (2656)
2 24 36 90 97 (3256)
36 41 79 94 (3080)
1 41 90 (4176)
36 41 94 (5664)
55 94 97 (2704)
23 36 38 71 94 (2936)
23 90 94 97 (3080)
1 23 36 97 (2528)
38 57 90 94 (3528)
2 94 120 (2848)
90 94 97 100 (2856)
36 38 41 90 94 104 (2840)
23 38 71 94 (2936)
36 71 90 97 (4444)
36 38 41 67 97 (2576)
41 67 94 97 (3088)
5 41 90 (2764)
36 38 67 71 90 94 97 (3192)
23 38 71 90 94 104 (2744)
36 67 94 104 (3472)
38 55 94 97 (2528)
36 90 97 100 (2864)
36 38 57 90 (3528)
36 71 88 90 97 (2824)
67 71 90 97 104 (3152)
36 56 90 94 (4864)
36 41 88 97 (2592)
38 67 71 90 97 104 (2952)
56 67 90 97 (3344)
1 36 67 90 104 (2800)
31 36 41 56 90 (2752)
36 38 41 67 71 90 (2608)
23 41 67 94 104 (2680)
23 36 67 97 104 (2936)
36 56 94 97 120 (2832)
38 55 90 97 (2720)
1 31 56 90 (2752)
1 23 36 67 71 90 94 (2560)
38 41 71 (2872)
36 41 79 90 94 97 (2592)
36 38 90 94 97 (6272)
23 71 90 (3040)
23 38 67 97 (2832)
24 36 97 120 (2648)
36 41 57 90 94 97 (3312)
38 56 90 94 97 120 (2736)
1 31 90 97 (3160)
23 41 67 104 (2680)
56 67 71 90 94 97 (2584)
1 36 41 56 90 (2752)
1 36 41 56 90 94 97 (2752)
36 41 71 90 94 104 (2632)
36 41 71 94 104 (2632)
1 41 71 90 104 (2608)
36 67 90 94 97 104 (3224)
23 36 94 (3376)
23 38 90 104 (3080)
1 38 41 90 94 (2672)
23 36 38 67 94 97 (2832)
23 71 90 94 (3040)
1 36 56 90 97 (2848)
1 23 41 90 94 (2656)
1 31 36 41 56 90 (2752)
36 56 94 97 100 (2752)
36 67 90 97 104 (3224)
1 36 56 94 (2848)
23 67 90 94 97 104 (2936)
38 79 90 94 (3160)
36 79 104 (2608)
23 36 41 94 (3016)
23 36 38 71 90 (2936)
31 94 (3608)
56 67 (3344)
1 36 41 79 94 (2720)
24 41 94 (2672)
36 79 90 94 104 (2608)
36 56 90 (4864)
1 56 94 (2848)
1 23 67 71 90 94 (2560)
2 24 38 94 97 (3152)
36 41 79 88 90 (2648)
71 90 94 104 (3280)
36 41 57 (3432)
24 94 100 (2856)
23 38 67 94 97 104 (2832)
1 38 71 90 104 (2560)
23 38 71 (2936)
56 94 (4864)
67 88 90 (3408)
1 41 88 90 (2720)
38 67 71 90 97 (3384)
24 38 94 97 (3296)
36 38 71 90 94 (3992)
23 90 97 (3080)
23 41 94 104 (2824)
24 36 90 94 100 (2856)
24 90 100 (2864)
38 41 94 104 (2840)
5 90 94 97 (3552)
24 36 (4824)
36 41 67 71 94 97 (2568)
42 90 97 (2536)
38 67 90 94 97 104 (3024)
1 23 36 41 (2656)
23 36 67 (3232)
56 88 90 94 (2848)
71 79 90 (3204)
36 38 56 71 90 94 (2736)
1 67 71 97 (2898)
5 36 41 90 (2708)
23 38 41 90 (3016)
41 71 90 97 (3088)
36 67 71 90 104 (3136)
67 79 90 94 97 (3100)
1 36 71 90 104 (2608)
1 90 97 (3960)
36 67 88 90 97 (3064)
1 36 79 97 (2616)
23 36 41 90 97 104 (2720)
24 36 38 90 (3336)
2 38 94 97 (3696)
38 90 104 (3480)
36 41 71 (3336)
71 90 94 97 104 (3032)
24 36 38 90 120 (2528)
1 31 36 56 90 97 (2752)
1 31 41 67 94 (2608)
36 67 88 94 97 (3064)
36 42 94 (2528)
1 31 67 90 97 (2612)
56 97 120 (2832)
23 36 104 (3184)
36 38 41 57 (3432)
23 38 41 71 90 (2680)
31 97 (3208)
1 36 79 88 (2528)
79 88 90 94 (3776)
67 90 94 97 (4684)
1 41 71 (3312)
38 41 71 104 (2680)
1 88 94 97 (2544)
36 67 79 90 94 97 (3100)
23 36 67 94 97 104 (2936)
38 56 71 90 94 (2736)
36 56 67 90 94 97 (3344)
1 23 36 (2752)
23 36 38 41 71 90 (2680)
23 41 67 90 97 (2576)
6 38 97 (2568)
36 71 88 (3168)
23 38 67 90 94 104 (2936)
36 38 71 97 104 (2832)
1 36 41 90 94 97 (3456)
41 88 90 (3080)
31 36 94 (3608)
1 41 67 71 97 (2688)
11 36 (3244)
23 36 90 104 (3184)
1 41 79 (2720)
23 38 67 71 104 (2672)
36 67 79 (3444)
1 41 71 90 (3312)
6 94 (3242)
36 41 88 90 (3080)
67 79 88 90 94 (2760)
38 41 57 94 97 (3312)
67 90 97 104 (3416)
41 56 97 (3040)
23 (3376)
36 90 94 97 128 (3104)
6 36 (3236)
5 36 41 94 (2708)
1 38 41 (2864)
1 23 71 90 94 (2560)
67 71 97 104 (3152)
1 88 90 97 (2544)
36 88 94 97 (4152)
36 38 67 90 97 (3936)
23 36 38 41 90 97 104 (2720)
23 38 41 67 90 (2872)
23 36 38 41 67 94 97 104 (2576)
24 38 90 94 97 (3296)
36 38 71 94 (3992)
36 67 71 (4034)
41 90 94 104 (3128)
36 38 41 90 97 104 (2720)
31 67 90 97 (2620)
1 36 67 97 104 (2624)
23 36 67 71 94 97 104 (2672)
36 97 120 (3880)
36 67 79 90 (3444)
24 36 56 97 100 (2752)
38 41 67 90 97 (2768)
2 24 36 (3280)
36 71 94 97 (4444)
12 (2684)
23 36 67 71 90 94 104 (2776)
1 23 94 (2752)
23 36 71 90 97 104 (2744)
23 36 38 41 67 71 94 (2608)
23 36 67 90 97 104 (2936)
1 36 41 67 104 (2608)
1 23 36 38 90 (2656)
38 71 94 97 (3696)
23 38 71 90 104 (2744)
1 23 67 97 104 (2528)
5 36 94 (3740)
23 36 41 67 90 94 97 (2576)
23 38 41 94 104 (2824)
36 41 67 90 104 (2824)
31 41 97 (2944)
31 56 90 (2752)
23 67 90 97 (2936)
1 23 36 94 97 104 (2528)
1 38 41 71 (2656)
5 41 (2764)
36 38 41 67 94 97 (2576)
36 90 94 120 (3968)
31 36 71 90 94 (2820)
23 38 90 94 97 104 (2976)
1 36 38 90 (2816)
67 88 97 (3064)
1 94 104 (2960)
36 79 90 104 (2608)
24 56 90 (2752)
56 90 94 97 100 (2752)
1 23 38 90 (2656)
36 67 90 94 104 (3472)
36 38 41 67 90 97 (2576)
36 57 94 97 (3680)
1 36 41 67 (3312)
90 94 120 (3968)
24 38 120 (2624)
36 56 79 (2848)
94 104 (3776)
5 36 38 90 (2964)
36 56 88 90 94 97 (2848)
1 38 41 67 (2848)
1 41 88 90 94 (2720)
11 36 90 97 (3064)
23 36 38 97 104 (2976)
23 36 38 71 90 94 104 (2744)
36 67 79 94 (3444)
23 36 38 41 97 (2720)
23 36 38 67 97 104 (2832)
31 36 41 71 90 (2680)
31 36 56 94 97 (2752)
31 90 94 (3608)
11 36 94 97 (3056)
1 36 56 90 94 97 (2848)
36 67 (5124)
36 38 41 67 90 97 104 (2576)
1 36 38 41 67 (2656)
23 38 67 90 94 97 (2832)
2 36 38 94 97 (3696)
23 36 67 90 (3232)
1 23 67 94 (2752)
36 41 56 94 97 (3040)
36 38 94 120 (3752)
36 41 57 90 (3432)
31 90 94 97 (3008)
31 36 41 67 94 (2680)
1 31 36 56 94 97 (2752)
38 56 71 (2736)
23 67 94 104 (3040)
2 24 97 (3256)
1 38 67 71 90 97 104 (2528)
1 31 36 56 90 (2752)
23 36 97 104 (3080)
1 31 41 67 90 94 (2608)
36 41 67 90 94 (3528)
36 67 90 104 (3472)
1 36 67 71 90 104 (2536)
67 79 90 94 (3444)
1 36 97 104 (2624)
1 38 67 71 (2752)
23 38 41 67 71 94 (2608)
38 88 94 97 (2928)
1 41 67 71 90 97 (2688)
1 31 36 41 94 97 (2752)
36 38 41 67 71 94 (2608)
5 38 90 94 (2972)
1 36 38 67 94 104 (2560)
24 90 94 97 (4488)
1 36 67 71 104 (2536)
36 41 57 94 97 (3312)
56 67 71 90 97 (2584)
36 56 90 94 97 120 (2832)
36 67 71 94 97 104 (2960)
1 36 88 90 94 97 (2544)
57 (3800)
23 36 38 67 97 (2832)
36 41 55 90 94 (2624)
23 36 38 71 104 (2744)
36 38 56 90 97 120 (2736)
1 38 41 67 94 (2656)
1 31 41 90 97 (2944)
41 88 94 (3080)
38 41 57 90 94 97 (3312)
24 90 97 100 (2864)
1 38 41 71 90 (2656)
1 36 38 90 97 104 (2528)
41 67 90 94 104 (2824)
1 38 67 90 94 104 (2560)
71 90 (5076)
1 31 36 41 67 90 (2608)
1 36 41 104 (2768)
36 41 90 94 97 (5040)
23 36 38 71 97 (2640)
36 67 71 90 94 (4034)
31 36 41 90 97 (2752)
1 67 94 (3588)
71 88 97 (2824)
67 71 90 94 97 (3666)
1 38 67 94 104 (2560)
1 38 41 67 90 97 104 (2624)
23 41 67 90 104 (2680)
23 38 67 97 104 (2832)
36 38 67 79 94 (2552)
36 41 71 94 97 (2896)
1 56 94 97 (2848)
12 90 (2684)
5 41 90 94 (2716)
23 36 38 71 90 94 97 104 (2640)
5 36 90 94 97 (3552)
2 24 36 38 (3176)
23 36 38 67 71 97 104 (2568)
1 36 38 97 (2576)
23 38 67 94 97 (2832)
24 36 90 97 120 (2648)
1 38 41 67 90 94 (2656)
1 36 67 71 90 94 (3002)
38 41 67 90 97 104 (2768)
57 90 94 (3800)
6 36 97 (3108)
36 38 90 94 97 128 (2912)
1 23 36 71 90 (2560)
31 56 97 (2752)
36 38 94 97 120 (3664)
24 36 41 90 94 (2648)
1 38 67 90 94 97 104 (2528)
1 36 41 56 94 97 (2752)
41 71 97 (3088)
1 31 41 94 97 (2752)
23 38 41 90 94 97 (2720)
38 41 71 97 104 (2576)
1 36 79 88 90 94 (2528)
38 41 90 (4568)
11 90 94 97 (3056)
2 24 38 90 94 97 (3152)
23 36 38 67 104 (2936)
41 56 (3040)
67 71 94 104 (3136)
23 71 90 97 (2744)
24 38 90 (3552)
1 38 41 90 97 (2624)
56 79 90 94 97 (2848)
38 67 88 90 94 (2552)
23 36 38 41 90 94 97 104 (2720)
36 38 41 57 94 97 (3312)
71 97 104 (3224)
2 24 36 94 97 (3248)
2 24 38 90 (3200)
23 71 94 97 (2744)
1 38 90 97 104 (2720)
1 36 38 67 90 94 97 (2576)
36 94 120 (3968)
1 36 41 79 90 (2720)
57 90 94 97 (3680)
1 41 71 94 (3120)
1 23 36 38 (2656)
56 67 90 (3344)
38 55 94 (2888)
24 36 56 (2752)
23 36 38 41 71 (2680)
1 41 67 104 (2800)
24 36 38 90 94 97 120 (2528)
23 36 38 94 97 104 (2976)
5 41 90 97 (2568)
24 36 56 90 100 (2752)
36 88 90 94 104 (2608)
36 38 67 71 97 (3192)
36 38 55 (2864)
1 23 67 90 94 97 (2528)
36 56 79 90 94 (2848)
1 23 67 90 94 (2752)
36 94 (8192)
36 38 67 90 (4232)
23 36 41 90 94 (3016)
38 88 90 94 (3128)
38 79 (3160)
36 90 94 100 (3048)
1 104 (3152)
38 41 67 71 (2800)
24 36 94 120 (2648)
71 90 94 97 (4444)
38 97 128 (2912)
2 24 90 (3304)
36 38 79 90 97 (2960)
1 36 41 90 94 104 (2768)
23 36 38 41 97 104 (2720)
41 55 94 (2648)
1 36 67 94 104 (2800)
23 67 71 90 94 97 104 (2672)
23 36 41 67 94 (2872)
23 38 67 71 90 94 97 (2568)
2 24 36 90 (3280)
23 36 67 90 94 97 (2936)
23 38 67 71 97 (2568)
67 71 90 (4226)
5 36 (3740)
1 23 38 67 90 94 (2656)
36 41 90 94 104 (3128)
23 41 67 90 94 97 104 (2576)
36 90 94 104 (3776)
5 38 (3020)
24 90 94 97 120 (2648)
41 90 94 97 (5040)
1 23 38 41 67 94 (2656)
31 90 (3808)
38 88 94 (3128)
24 36 56 94 97 100 (2752)
36 120 (3968)
38 41 90 94 (4376)
23 36 38 67 (3128)
38 56 67 90 94 (2736)
23 38 41 67 90 94 104 (2680)
41 71 94 97 (2896)
1 41 90 94 97 (3456)
38 56 94 97 120 (2736)
24 36 38 97 120 (2528)
1 23 36 71 94 (2560)
2 36 (3904)
1 36 79 94 97 (2616)
23 36 38 41 67 (2872)
36 90 94 97 (7568)
41 55 90 94 (2648)
1 23 94 97 104 (2528)
1 23 36 38 41 67 (2656)
23 36 38 94 (3272)
23 36 38 41 94 97 104 (2720)
38 41 67 94 104 (2680)
36 38 67 71 90 104 (2864)
36 41 79 90 94 (3080)
23 36 71 90 94 (3040)
38 71 94 (3992)
1 31 67 71 (2586)
36 41 67 94 97 (3088)
2 94 97 120 (2776)
23 38 90 94 104 (3080)
79 97 (4256)
71 79 97 (2860)
23 36 38 67 71 90 94 97 104 (2568)
31 36 41 97 (2752)
36 67 90 97 (4684)
1 23 36 94 104 (2560)
24 38 94 97 120 (2528)
36 41 71 90 (3336)
1 41 67 90 94 97 (2944)
36 38 67 71 94 97 104 (2760)
2 38 (3816)
41 55 (2840)
71 79 90 94 97 (2860)
36 41 67 71 97 (2568)
5 36 90 (3740)
36 67 94 97 (4684)
1 38 41 104 (2672)
23 36 71 90 97 (2744)
1 79 88 90 (2528)
36 88 94 (4640)
38 79 94 (3160)
38 41 57 90 (3432)
23 36 67 71 94 (2968)
36 56 88 97 (2848)
38 56 67 97 (2736)
1 31 36 41 71 94 (2608)
1 31 71 90 (2932)
23 38 71 104 (2744)
56 67 71 90 (2584)
1 31 36 67 90 94 (2788)
67 88 90 94 97 (3064)
36 38 79 94 97 (2960)
31 71 90 (3012)
36 41 79 90 (3080)
36 67 79 88 90 94 (2760)
36 56 79 97 (2848)
41 67 (3720)
36 38 88 90 97 (2928)
1 23 36 67 97 104 (2528)
55 94 (3352)
36 67 79 97 (3100)
24 90 97 (4688)
23 38 71 90 (2936)
5 38 90 (3020)
36 41 67 90 94 97 104 (2576)
24 94 (4840)
36 38 56 94 97 120 (2736)
23 38 41 67 90 94 97 104 (2576)
23 36 38 41 71 90 94 (2680)
1 23 36 38 90 94 (2656)
1 36 41 67 94 104 (2608)
23 36 38 41 (3016)
23 38 41 90 94 (3016)
67 71 94 97 (3666)
36 71 79 (3204)
94 97 (7568)
23 67 90 (3232)
36 38 94 97 128 (2912)
36 38 67 94 97 104 (3024)
2 38 90 97 120 (2728)
41 67 71 90 94 97 (2568)
24 90 (5040)
1 67 90 94 97 (3220)
5 36 94 97 (3552)
24 36 100 (2864)
2 24 94 97 (3248)
36 71 79 90 94 (3204)
38 56 71 94 (2736)
23 38 41 (3016)
36 71 94 (4884)
1 23 94 97 (2528)
1 36 71 104 (2608)
2 24 36 97 (3256)
1 36 41 71 94 (3120)
23 67 71 94 97 (2672)
41 104 (3320)
1 23 67 (2752)
23 36 41 90 104 (2824)
23 36 67 94 97 (2936)
23 36 67 71 90 97 104 (2672)
42 94 (2528)
36 38 41 94 97 (4016)
36 41 90 94 (5664)
1 38 41 67 71 (2656)
24 36 56 94 97 (2752)
38 41 67 71 90 94 (2608)
1 36 38 41 90 (2672)
36 38 88 90 94 (3128)
1 38 97 104 (2720)
23 41 90 94 (3016)
1 38 41 97 (2624)
38 67 97 (4128)
38 41 90 94 104 (2840)
1 36 56 94 97 (2848)
38 67 71 97 104 (2952)
1 36 38 71 90 (2560)
36 94 97 128 (3104)
23 36 41 90 (3016)
23 38 41 67 94 97 104 (2576)
38 41 67 94 97 (2576)
36 56 79 94 (2848)
56 67 97 (3344)
1 71 90 104 (2800)
71 88 (3168)
24 36 90 94 120 (2648)
2 24 90 94 97 (3248)
41 67 90 97 104 (2768)
36 38 41 71 94 (2680)
1 31 56 (2752)
1 41 67 94 (3312)
1 36 38 67 97 104 (2528)
23 36 38 41 104 (2824)
23 67 71 90 94 104 (2776)
36 71 79 90 97 (2860)
1 71 90 97 104 (2624)
23 36 71 (3040)
23 36 38 67 71 104 (2672)
36 38 67 90 94 104 (3128)
1 23 90 94 97 104 (2528)
38 90 94 128 (2968)
1 31 36 56 (2752)
31 56 90 94 (2752)
1 41 104 (2960)
31 41 94 97 (2752)
1 36 41 56 90 94 (2752)
1 23 71 90 (2560)
36 56 71 94 (3344)
24 56 90 94 97 (2752)
79 88 (3776)
23 36 38 71 (2936)
2 24 38 (3200)
38 56 97 120 (2736)
38 90 94 97 120 (3664)
55 (3552)
24 36 38 97 (3296)
1 23 67 90 97 104 (2528)
36 41 57 90 97 (3312)
56 79 90 97 (2848)
1 23 36 97 104 (2528)
2 24 38 90 94 (3200)
36 94 97 120 (3880)
31 36 71 (2820)
1 41 67 90 97 (3136)
2 36 38 90 94 97 120 (2728)
36 67 88 94 (3408)
67 71 (4226)
1 23 41 (2656)
23 38 41 67 71 (2608)
36 38 67 71 90 94 104 (2864)
23 36 94 97 (3080)
38 90 97 104 (3360)
23 36 38 67 90 94 (3128)
1 36 41 (3984)
36 56 71 94 97 (3344)
41 79 90 94 (3080)
1 31 41 90 (3472)
36 88 97 (4152)
1 23 38 41 67 90 94 (2656)
1 41 88 94 (2720)
36 38 41 90 94 (4352)
36 38 56 90 94 (3744)
1 67 71 90 94 104 (2536)
36 41 88 90 94 97 (2592)
23 36 38 71 90 94 (2936)
1 36 41 67 94 97 (2944)
31 36 41 56 90 94 (2752)
1 23 38 41 (2656)
36 94 128 (3136)
1 23 90 94 104 (2560)
36 38 56 90 94 97 120 (2736)
1 23 36 38 67 94 (2656)
11 36 38 90 (3196)
1 31 56 90 94 (2752)
23 67 71 94 97 104 (2672)
36 56 79 94 97 (2848)
36 38 71 104 (2936)
2 24 36 38 90 94 (3176)
24 38 94 (3360)
38 41 71 90 97 104 (2576)
1 23 38 90 94 (2656)
1 36 94 (4296)
36 38 94 104 (3288)
23 38 41 71 90 94 (2680)
36 90 128 (3136)
1 38 67 71 104 (2560)
23 36 38 67 71 90 94 97 (2568)
88 90 94 104 (2608)
1 79 88 (2528)
23 36 38 71 94 97 (2640)
67 88 90 97 (3064)
36 38 56 71 90 (2736)
23 67 71 90 97 104 (2672)
41 (5880)
38 41 67 (3064)
31 41 71 90 (2872)
1 79 94 (3032)
36 71 88 94 (3168)
1 31 36 (3496)
2 38 90 97 (3696)
31 36 56 90 94 97 (2752)
23 36 38 67 71 90 94 (2864)
38 41 94 97 104 (2720)
1 36 67 94 97 (3220)
1 31 36 41 56 94 97 (2752)
67 97 104 (3416)
23 38 67 90 (3128)
1 36 67 71 94 97 (2706)
24 90 94 97 100 (2856)
90 120 (4064)
1 67 94 97 (3220)
23 36 38 67 71 94 97 104 (2568)
23 36 67 71 90 94 (2968)
1 88 97 (2544)
11 36 38 (3196)
67 79 90 (3444)
79 88 90 (3776)
36 56 67 94 97 (3344)
23 36 67 90 104 (3040)
71 (5076)
36 56 90 94 120 (2832)
1 38 71 (2752)
2 36 38 97 (3696)
71 88 90 94 (3168)
36 90 (8200)
1 67 90 97 (3412)
1 67 71 104 (2728)
2 36 38 90 97 120 (2728)
79 88 94 (3776)
36 38 57 97 (3408)
1 38 90 94 104 (2576)
24 94 120 (2648)
36 41 88 94 (3080)
1 90 94 (4296)
23 36 38 67 94 104 (2936)
23 36 38 41 67 97 (2576)
23 38 71 90 94 97 104 (2640)
38 57 94 97 (3408)
23 36 94 97 104 (3080)
36 38 88 94 (3128)
1 23 38 41 90 (2656)
1 31 71 97 (2564)
71 94 104 (3280)
90 94 (8216)
1 36 (4296)
36 38 90 94 128 (2944)
31 67 94 (2868)
23 36 67 71 104 (2776)
23 36 90 94 97 104 (3080)
1 38 67 71 97 104 (2528)
38 67 90 104 (3320)
24 36 90 94 97 120 (2648)
1 67 71 97 104 (2624)
5 38 97 (2920)
88 90 97 (4152)
23 36 41 67 90 94 104 (2680)
23 36 38 41 90 94 (3016)
36 57 90 (3800)
36 38 97 104 (3168)
24 90 94 120 (2648)
31 36 41 56 (2752)
41 56 94 (3040)
36 38 41 97 104 (2720)
23 36 38 41 67 90 94 97 104 (2576)
36 128 (3136)
67 88 90 94 (3408)
36 71 94 97 104 (3032)
36 38 41 71 90 94 (2680)
31 41 71 90 94 (2680)
6 36 94 97 (3106)
23 36 38 41 67 90 (2872)
38 41 57 (3432)
1 31 36 41 56 90 94 97 (2752)
23 36 71 90 94 97 104 (2744)
36 56 79 90 94 97 (2848)
23 38 67 71 94 97 104 (2568)
31 41 67 94 (2680)
24 36 38 90 97 (3296)
23 71 94 97 104 (2744)
41 67 71 94 97 (2568)
24 36 38 (3336)
36 38 56 67 90 94 (2736)
56 71 90 94 97 (3344)
23 41 90 94 97 (2720)
36 38 67 79 90 94 (2552)
38 56 71 90 94 97 (2736)
1 67 71 94 (3002)
1 36 38 94 97 (2576)
31 36 56 94 (2752)
1 41 67 90 94 104 (2608)
36 38 71 90 94 104 (2936)
41 67 94 104 (2824)
1 36 38 94 (2816)
1 31 36 67 90 (2788)
31 36 41 71 (2680)
36 41 97 104 (2720)
36 56 67 71 94 (2584)
23 41 97 104 (2720)
2 24 (3304)
1 36 41 67 90 94 (3312)
31 36 41 71 94 (2680)
36 38 41 67 94 (2872)
31 56 94 (2752)
67 71 90 94 104 (3136)
1 36 56 90 94 (2848)
1 31 41 71 90 94 (2608)
1 36 41 97 (3456)
23 41 67 90 97 104 (2576)
38 67 79 (2552)
90 97 104 (3560)
1 38 90 97 (2768)
88 90 104 (2608)
23 71 94 104 (2848)
24 36 90 97 (4496)
38 41 67 94 97 104 (2576)
1 23 36 67 90 94 97 104 (2528)
24 56 90 94 97 100 (2752)
23 36 38 67 90 104 (2936)
23 36 38 67 71 90 97 104 (2568)
1 67 90 94 104 (2800)
2 90 120 (2848)
56 79 97 (2848)
1 36 38 67 97 (2576)
38 67 79 90 94 (2552)
36 56 67 71 90 94 97 (2584)
1 38 41 90 104 (2672)
36 38 41 94 104 (2840)
1 36 38 67 94 97 (2576)
24 36 94 97 100 (2856)
90 104 (3968)
23 67 71 90 94 (2968)
23 36 41 71 94 (2680)
2 36 38 90 94 97 (3696)
31 56 90 97 (2752)
1 79 88 90 94 (2528)
1 36 56 97 (2848)
41 56 90 97 (3040)
1 36 41 90 (3984)
41 67 90 94 97 (3088)
36 38 67 88 90 94 (2552)
1 41 90 97 104 (2624)
36 41 79 88 (2648)
23 38 90 (3272)
36 71 90 94 97 (4444)
24 38 97 (3488)
1 31 36 41 97 (2752)
23 36 41 90 94 97 (2720)
24 41 (2864)
36 38 71 94 104 (2936)
23 97 104 (3080)
31 41 56 97 (2752)
1 36 38 67 90 104 (2560)
90 97 100 (2864)
38 57 90 (3528)
36 41 57 90 94 (3432)
67 94 (5124)
23 36 67 71 97 104 (2672)
1 41 67 94 104 (2608)
1 36 71 97 (2980)
23 38 41 71 (2680)
1 71 90 94 104 (2608)
38 67 90 97 104 (3216)
2 36 38 97 120 (2728)
38 90 94 97 128 (2912)
1 41 97 104 (2624)
1 31 41 94 (3280)
11 38 90 97 (3016)
56 90 94 120 (2832)
24 36 90 120 (2648)
23 67 90 104 (3040)
1 31 41 71 94 (2608)
24 38 90 94 120 (2528)
1 36 41 67 90 (3312)
1 31 36 41 67 94 (2608)
38 90 94 120 (3752)
1 31 67 71 90 (2586)
24 79 90 94 (2616)
23 90 97 104 (3080)
56 79 94 (2848)
36 38 57 90 97 (3408)
1 23 36 38 67 (2656)
1 23 67 71 94 (2560)
36 56 90 120 (2832)
36 38 56 71 90 97 (2736)
31 36 41 90 94 (3352)
36 38 79 94 (3160)
67 79 88 (2760)
23 71 97 104 (2744)
36 41 71 90 94 97 (2896)
31 36 94 97 (3008)
1 36 104 (2960)
41 88 90 97 (2592)
67 71 90 97 (3858)
23 94 97 104 (3080)
88 94 104 (2608)
36 38 57 94 97 (3408)
36 56 88 90 94 (2848)
1 41 67 97 (3136)
67 71 79 90 94 (2570)
31 67 90 94 (2868)
23 38 41 67 90 94 97 (2576)
31 36 90 97 (3016)
1 23 36 67 90 104 (2560)
41 88 94 97 (2592)
36 38 41 67 94 97 104 (2576)
38 88 90 (3128)
41 67 71 97 (2760)
23 38 41 90 97 (2720)
24 36 38 90 97 120 (2528)
56 88 (2848)
36 41 67 71 90 97 (2568)
38 56 67 90 (2736)
1 31 41 56 94 (2752)
24 36 41 90 (2648)
36 55 90 94 97 (2704)
1 31 36 41 71 90 94 (2608)
79 94 (4744)
23 38 90 97 104 (2976)
23 36 41 67 94 97 104 (2576)
23 71 90 94 97 104 (2744)
1 36 41 88 94 (2720)
1 23 67 94 104 (2560)
38 56 67 94 (2736)
23 71 104 (2848)
23 90 94 97 104 (3080)
6 90 94 (3242)
23 36 41 94 97 104 (2720)
38 67 79 94 (2552)
56 94 100 (2752)
36 38 67 79 90 (2552)
11 38 97 (3016)
2 38 90 94 97 120 (2728)
1 23 36 41 67 94 (2656)
6 36 38 90 (2648)
1 36 38 41 90 94 (2672)
41 79 90 94 97 (2592)
36 42 90 97 (2536)
1 38 67 90 (2992)
1 41 56 90 94 97 (2752)
2 36 90 94 (3896)
67 88 94 (3408)
6 36 90 94 (3234)
24 38 90 97 120 (2624)
36 41 71 90 94 (3336)
36 56 97 (4864)
23 38 67 94 104 (2936)
41 67 104 (3016)
1 41 67 71 (2984)
2 (3928)
38 94 97 (6272)
2 24 38 90 97 (3152)
23 41 67 94 97 (2576)
36 38 67 (4232)
1 23 36 94 97 (2528)
1 23 41 67 90 (2656)
1 36 71 90 94 97 (2980)
41 94 97 104 (2720)
23 38 41 67 71 90 94 (2608)
23 36 38 41 67 104 (2680)
23 36 67 71 90 94 97 (2672)
5 90 (3796)
38 41 (4568)
41 67 71 90 104 (2680)
56 67 71 90 94 (2584)
1 36 67 71 (3002)
36 38 41 67 (2872)
23 38 67 71 90 104 (2672)
67 71 90 104 (3328)
23 38 41 90 97 104 (2720)
23 36 38 41 67 94 (2872)
1 23 36 67 90 (2752)
2 24 90 97 (3256)
38 94 104 (3288)
1 38 67 104 (2752)
38 71 90 94 97 (3696)
23 38 41 67 90 104 (2680)
36 79 90 97 (4256)
57 94 (3800)
1 23 67 90 94 104 (2560)
36 38 128 (2944)
38 67 90 (4424)
5 38 94 97 (2872)
41 94 97 (5040)
1 36 67 71 94 104 (2536)
6 90 (3292)
23 94 (3376)
1 36 67 90 94 (3588)
24 120 (2744)
23 38 67 71 94 (2864)
41 57 94 97 (3312)
24 56 97 100 (2752)
36 67 97 104 (3224)
56 90 97 (4864)
36 67 79 88 94 (2760)
38 67 94 (4232)
2 36 94 97 (3800)
1 23 36 67 90 94 97 (2528)
36 38 88 (3128)
1 41 67 97 104 (2624)
1 41 56 90 97 (2752)
71 79 (3204)
1 79 90 94 97 (2616)
38 (6824)
23 41 90 94 104 (2824)
36 56 67 90 97 (3344)
36 56 67 (3344)
79 88 90 94 97 (3336)
36 67 71 90 94 97 104 (2960)
24 36 90 (4824)
56 94 97 (4864)
1 36 38 71 (2560)
5 41 97 (2568)
36 38 90 97 104 (3168)
23 38 97 (2976)
23 36 67 94 (3232)
1 36 41 71 90 97 (2752)
1 36 38 41 94 (2672)
38 55 (3080)
38 71 90 97 104 (3024)
23 36 71 94 97 104 (2744)
36 38 71 (3992)
11 97 (3064)
1 38 71 94 (2560)
38 56 94 97 (3744)
36 67 71 88 90 94 (2552)
36 41 71 90 97 (2896)
1 23 90 (2752)
36 38 56 67 (2736)
38 67 90 94 104 (3128)
1 38 90 94 97 (2576)
1 31 36 90 94 97 (2968)
36 38 88 90 (3128)
2 24 36 38 94 97 (3152)
56 88 90 97 (2848)
1 36 41 67 71 94 (2792)
1 36 41 56 97 (2752)
11 38 90 94 97 (3016)
38 97 104 (3360)
67 94 97 104 (3224)
1 31 67 (2980)
1 36 67 71 97 (2706)
1 36 38 67 94 97 104 (2528)
1 31 41 56 97 (2752)
24 56 90 94 100 (2752)
23 36 67 71 90 104 (2776)
36 41 88 90 97 (2592)
23 38 90 97 (2976)
36 41 67 90 94 97 (3088)
36 38 67 94 97 (3936)
31 67 (3060)
1 90 104 (3152)
1 79 88 94 (2528)
23 36 67 71 90 97 (2672)
23 38 41 67 94 104 (2680)
36 41 79 90 97 (2592)
36 90 94 128 (3136)
41 79 94 97 (2592)
36 38 104 (3288)
1 31 94 (3496)
41 56 94 97 (3040)
36 41 67 71 90 94 (2936)
1 36 41 67 71 90 94 (2792)
36 56 88 (2848)
23 38 67 71 (2864)
36 38 57 90 94 97 (3408)
2 36 90 94 120 (2848)
41 71 94 (3336)
2 90 97 (3808)
23 67 71 97 104 (2672)
23 36 38 41 67 71 90 (2608)
1 41 71 104 (2608)
1 36 67 71 90 (3002)
23 71 (3040)
36 41 79 88 90 94 (2648)
24 36 79 90 (2616)
38 57 97 (3408)
36 71 (4884)
24 36 56 90 (2752)
41 67 71 (3128)
1 36 38 90 94 97 104 (2528)
56 94 97 100 (2752)
23 36 97 (3080)
36 38 57 (3528)
1 41 56 (2752)
36 97 100 (2864)
56 88 94 97 (2848)
6 36 38 94 (2648)
36 67 71 79 94 (2570)
38 71 90 94 104 (2936)
41 57 (3432)
36 67 71 90 (4034)
36 38 79 97 (2960)
36 56 88 90 97 (2848)
23 36 38 (3272)
31 41 67 90 94 (2680)
41 57 90 94 97 (3312)
1 67 71 90 104 (2728)
2 24 38 94 (3200)
24 36 94 97 (4488)
5 36 38 94 (2964)
1 38 67 90 94 (2800)
23 36 90 94 104 (3184)
1 31 41 90 94 (3280)
23 38 41 67 97 (2576)
38 94 (6632)
36 55 94 97 (2704)
38 41 55 (2552)
56 90 94 97 120 (2832)
1 36 41 67 71 (2792)
38 79 90 97 (2960)
6 90 94 97 (3106)
1 36 41 67 97 (2944)
23 36 71 94 (3040)
24 56 90 97 (2752)
1 90 94 97 104 (2624)
23 67 71 97 (2672)
31 56 (2752)
1 41 56 94 (2752)
1 31 56 94 (2752)
1 38 41 67 97 (2624)
56 67 71 94 97 (2584)
36 97 104 (3368)
41 56 90 94 (3040)
23 36 38 90 (3272)
36 41 56 90 94 97 (3040)
31 36 67 90 94 (2868)
23 71 94 (3040)
1 38 71 90 97 104 (2528)
1 23 36 90 94 (2752)
31 41 56 90 94 97 (2752)
36 38 71 90 104 (2936)
38 41 67 90 104 (2872)
1 41 71 94 97 (2752)
2 38 90 94 97 (3696)
23 67 (3232)
36 97 128 (3104)
38 94 128 (2968)
23 36 38 67 71 90 94 104 (2672)
5 36 38 (2964)
1 31 41 56 90 94 97 (2752)
23 38 41 67 97 104 (2576)
1 31 36 56 97 (2752)
1 38 67 71 90 104 (2560)
36 38 41 67 71 90 94 (2608)
1 23 36 41 67 90 94 (2656)
36 56 67 97 (3344)
1 36 90 94 104 (2960)
23 36 38 67 90 97 104 (2832)
56 88 90 (2848)
36 67 94 97 104 (3224)
1 36 56 90 (2848)
1 36 41 88 (2720)
1 71 94 97 (2980)
23 38 67 71 97 104 (2568)
31 67 71 90 (2666)
36 38 67 71 90 97 (3192)
5 36 41 (2708)
1 36 67 71 90 94 104 (2536)
1 38 90 94 (2816)
56 79 90 (2848)
11 38 94 97 (3016)
36 97 (7576)
1 41 67 90 (3504)
23 38 41 90 94 104 (2824)
23 41 67 97 (2576)
36 67 71 90 97 104 (2960)
38 79 97 (2960)
38 67 90 97 (4128)
36 38 55 90 94 (2864)
2 38 120 (2800)
6 36 38 90 94 (2648)
36 38 90 94 (6608)
2 90 94 97 (3800)
24 36 56 100 (2752)
67 90 94 97 104 (3224)
36 88 94 104 (2608)
1 71 94 104 (2608)
23 41 67 71 90 (2608)
23 36 38 67 90 94 104 (2936)
23 67 90 94 (3232)
1 79 94 97 (2616)
36 71 79 94 (3204)
31 41 94 (3352)
36 41 67 71 90 94 97 (2568)
36 71 90 94 97 104 (3032)
1 90 (4488)
5 (3796)
24 56 97 (2752)
1 36 41 94 97 (3456)
31 56 90 94 97 (2752)
23 36 41 71 90 94 (2680)
1 36 71 90 (3348)
23 36 38 71 94 97 104 (2640)
71 79 94 (3204)
23 36 38 67 90 94 97 104 (2832)
23 36 38 67 71 90 (2864)
36 38 88 90 94 97 (2928)
1 23 71 94 (2560)
90 97 120 (3976)
31 71 90 94 (2820)
23 38 67 71 90 94 104 (2672)
88 (4640)
1 38 41 67 90 97 (2624)
36 38 41 90 94 97 104 (2720)
36 41 94 104 (3128)
38 71 90 94 (3992)
41 97 (5232)
41 67 97 104 (2768)
1 97 104 (2816)
23 36 41 67 97 104 (2576)
23 36 38 90 94 (3272)
1 36 94 97 (3768)
36 79 88 (3776)
56 71 90 97 (3344)
36 67 97 (4684)
11 38 90 (3220)
31 41 71 94 (2680)
23 36 38 90 97 104 (2976)
36 71 88 90 (3168)
1 23 36 41 67 90 (2656)
31 36 41 56 90 94 97 (2752)
24 97 120 (2744)
38 67 71 90 (3680)
6 36 90 94 97 (3106)
36 38 56 (3744)
31 36 90 94 (3608)
38 94 97 120 (3664)
11 38 94 (3220)
6 (3292)
36 38 56 67 90 94 97 (2736)
24 36 94 97 120 (2648)
1 67 90 97 104 (2816)
36 38 71 97 (3696)
1 31 67 90 94 (2788)
1 23 38 (2656)
88 97 (4152)
31 41 90 94 97 (2752)
36 41 88 (3080)
36 67 88 90 94 97 (3064)
36 41 71 104 (2632)
38 71 90 104 (3128)
41 55 90 (2840)
1 38 41 90 (2864)
67 88 (3408)
38 97 120 (3760)
94 128 (3160)
31 36 90 (3616)
67 71 94 (4034)
1 31 36 41 94 (3280)
1 23 38 41 94 (2656)
79 90 97 (4256)
1 36 41 90 104 (2768)
5 38 90 97 (2920)
31 67 97 (2620)
41 90 97 (5232)
36 79 88 94 (3776)
36 90 104 (3776)
38 41 104 (3032)
1 36 41 56 (2752)
23 90 104 (3184)
36 38 55 90 94 97 (2528)
24 36 56 90 97 100 (2752)
36 67 79 88 90 (2760)
41 67 90 94 (3528)
36 90 94 97 100 (2856)
2 36 38 94 120 (2800)
38 57 (3528)
90 94 97 120 (3880)
67 79 94 (3444)
1 23 90 97 104 (2528)
1 23 71 (2560)
2 24 90 94 (3296)
1 23 36 41 90 (2656)
71 90 97 (4636)
1 67 71 90 (3194)
1 23 36 90 (2752)
38 67 88 (2552)
1 31 41 71 (2800)
2 36 38 94 (3792)
56 71 90 94 (3344)
1 23 36 71 (2560)
1 23 67 97 (2528)
23 67 90 94 104 (3040)
1 79 97 (2616)
1 23 41 90 (2656)
36 42 97 (2536)
36 79 88 90 94 97 (3336)
90 94 128 (3160)
41 71 94 104 (2632)
1 67 90 94 97 104 (2624)
1 23 36 67 71 (2560)
1 41 71 90 97 (2944)
56 90 97 100 (2752)
41 67 90 104 (3016)
41 71 90 94 97 (2896)
57 90 97 (3680)
36 38 41 57 90 94 97 (3312)
1 36 79 88 90 (2528)
56 79 90 94 (2848)
38 41 90 94 97 (4016)
23 38 104 (3080)
56 67 71 94 (2584)
1 38 67 97 104 (2720)
36 38 41 67 90 (2872)
23 36 67 71 97 (2672)
38 56 94 120 (2736)
23 36 38 71 90 97 (2640)
36 38 41 57 94 (3432)
23 41 71 94 (2680)
24 38 90 94 (3360)
67 71 104 (3328)
36 56 71 90 97 (3344)
1 31 36 41 71 (2608)
36 41 67 94 97 104 (2576)
38 67 71 90 94 97 (3192)
1 38 41 67 71 90 (2656)
38 56 90 120 (2736)
79 90 104 (2608)
1 67 97 104 (2816)
1 56 90 94 (2848)
1 36 71 94 97 (2980)
1 31 36 41 56 94 (2752)
36 56 67 71 90 97 (2584)
1 79 90 94 (3032)
23 67 94 (3232)
36 38 90 97 128 (2912)
31 56 94 97 (2752)
23 36 71 90 94 104 (2848)
56 120 (2832)
36 38 67 71 90 94 (3488)
1 36 67 90 94 97 104 (2624)
36 38 41 90 94 97 (4016)
1 41 56 97 (2752)
128 (3160)
24 36 90 94 97 100 (2856)
23 36 90 94 97 (3080)
67 79 97 (3100)
38 41 67 71 90 (2800)
1 36 67 90 97 104 (2624)
1 36 71 (3348)
71 90 94 (4884)
36 56 (4864)
24 90 97 120 (2744)
23 36 41 67 90 97 (2576)
36 71 88 90 94 97 (2824)
1 56 97 (2848)
1 41 71 90 94 (3120)
1 36 38 90 97 (2576)
31 36 41 (3352)
38 41 67 90 94 97 104 (2576)
1 23 36 67 71 90 (2560)
42 (2536)
38 56 67 90 94 97 (2736)
24 56 94 (2752)
1 38 67 (2992)
23 67 90 97 104 (2936)
1 31 41 90 94 97 (2752)
5 36 38 90 97 (2872)
1 88 94 (2960)
24 36 97 (4496)
1 38 94 97 104 (2528)
31 36 41 56 94 97 (2752)
1 36 38 67 104 (2560)
67 79 90 97 (3100)
36 67 79 90 94 (3444)
1 23 36 67 94 97 104 (2528)
23 38 41 67 90 97 (2576)
1 31 36 41 90 97 (2752)
97 128 (3104)
36 67 71 88 (2552)
2 36 38 90 (3792)
36 41 79 94 97 (2592)
56 88 97 (2848)
41 71 97 104 (2576)
36 94 97 100 (2856)
36 38 57 94 (3528)
1 31 41 67 90 (2800)
1 23 90 97 (2528)
36 56 90 97 100 (2752)
71 88 90 97 (2824)
41 90 94 (5688)
1 67 90 94 (3588)
6 38 (2704)
1 36 90 97 (3768)
38 56 71 94 97 (2736)
31 (3808)
1 38 71 97 104 (2528)
38 71 97 104 (3024)
36 71 79 94 97 (2860)
1 36 67 90 (3588)
38 67 71 90 94 97 104 (2760)
23 36 38 41 67 71 (2608)
1 36 38 94 97 104 (2528)
36 67 79 88 (2760)
1 36 88 97 (2544)
36 38 67 71 94 97 (3192)
24 38 90 94 97 120 (2528)
31 41 90 97 (2944)
24 36 38 94 97 120 (2528)
2 36 38 (3792)
23 36 38 94 104 (3080)
1 67 90 (3780)
36 38 71 94 97 (3696)
31 71 (3012)
79 88 90 97 (3336)
23 36 41 67 94 97 (2576)
41 79 97 (2592)
23 36 38 67 90 97 (2832)
23 38 71 97 (2640)
88 94 (4640)
1 90 94 104 (2960)
36 38 120 (3752)
1 67 94 97 104 (2624)
1 36 97 (3768)
42 90 94 (2528)
1 41 (4176)
2 36 97 120 (2776)
23 67 71 94 104 (2776)
36 38 56 71 94 97 (2736)
31 71 97 (2572)
1 23 36 67 94 97 (2528)
36 41 79 97 (2592)
31 41 56 90 97 (2752)
23 36 38 41 67 94 104 (2680)
1 31 41 56 90 97 (2752)
90 97 128 (3104)
36 38 (6608)
38 94 97 104 (3168)
36 38 90 94 97 104 (3168)
23 41 90 104 (2824)
36 38 41 94 (4352)
11 36 97 (3064)
1 36 41 67 94 (3312)
31 36 (3616)
1 38 67 94 (2800)
38 41 57 97 (3312)
31 90 97 (3208)
1 31 97 (3160)
38 67 104 (3320)
23 36 41 67 90 94 97 104 (2576)
36 90 97 128 (3104)
31 36 41 94 (3352)
23 36 71 90 104 (2848)
2 90 (3928)
1 94 (4296)
36 56 90 94 100 (2752)
36 94 97 (7568)
23 41 67 71 (2608)
1 88 (2960)
1 36 71 94 (3348)
6 36 38 (2648)
36 71 90 97 104 (3032)
23 94 97 (3080)
79 90 (4744)
23 41 67 71 94 (2608)
1 36 38 67 90 97 (2576)
36 38 55 90 (2864)
38 41 90 97 (4208)
23 36 38 71 97 104 (2640)
36 71 97 104 (3032)
11 94 (3260)
67 88 94 97 (3064)
23 38 67 71 94 104 (2672)
38 71 (4184)
23 38 41 67 90 97 104 (2576)
36 90 120 (3968)
1 23 36 67 90 94 (2752)
1 79 90 (3032)
38 41 71 97 (2576)
36 38 67 71 94 (3488)
1 36 41 67 90 104 (2608)
36 41 90 97 104 (2720)
1 36 38 41 67 94 (2656)
38 55 90 (3080)
1 36 67 71 94 (3002)
23 36 38 90 97 (2976)
1 38 67 71 94 (2560)
36 38 90 97 (6272)
1 38 94 104 (2576)
38 67 90 94 (4232)
36 38 41 90 97 (4016)
1 71 97 104 (2624)
38 71 97 (3888)
36 56 88 94 97 (2848)
23 38 41 97 104 (2720)
36 41 57 97 (3312)
36 56 67 90 (3344)
38 56 120 (2736)
1 38 67 90 97 (2768)
2 36 94 (3896)
23 41 67 94 (2872)
56 67 71 (2584)
36 38 67 88 94 (2552)
23 38 71 97 104 (2640)
23 36 71 97 104 (2744)
36 38 67 90 94 97 104 (3024)
1 36 67 104 (2800)
36 67 71 94 (4034)
1 23 36 90 97 (2528)
36 56 90 94 97 (4864)
11 36 38 90 97 (3016)
23 67 71 94 (2968)
1 41 71 97 (2944)
23 36 71 97 (2744)
41 71 104 (2824)
1 31 56 97 (2752)
36 38 41 67 90 104 (2680)
38 67 71 94 104 (2864)
1 38 41 94 (2672)
23 36 41 67 71 90 94 (2608)
1 31 67 94 (2788)
23 41 90 97 (2720)
23 38 67 90 94 97 104 (2832)
31 36 41 56 90 97 (2752)
1 31 36 41 56 90 97 (2752)
57 90 (3800)
24 36 56 90 97 (2752)
36 56 94 97 (4864)
36 38 71 94 97 104 (2832)
36 38 56 67 94 (2736)
1 36 41 94 104 (2768)
38 41 71 90 97 (2576)
1 36 38 67 71 94 (2560)
23 38 67 71 90 94 97 104 (2568)
23 90 (3376)
23 36 38 41 90 94 97 (2720)
1 67 71 90 97 104 (2624)
36 57 94 (3800)
24 90 94 (4840)
5 36 90 97 (3552)
36 79 88 90 97 (3336)
24 38 97 120 (2624)
23 67 71 90 94 97 (2672)
36 38 71 90 (3992)
36 67 71 88 94 (2552)
38 56 67 (2736)
2 36 38 90 94 (3792)
24 36 56 97 (2752)
1 36 41 71 90 94 97 (2752)
23 36 67 90 94 (3232)
41 67 90 (3720)
23 36 67 71 90 94 97 104 (2672)
1 36 88 90 (2960)
41 71 90 97 104 (2576)
38 67 71 97 (3384)
71 88 90 94 97 (2824)
24 36 79 94 (2616)
1 23 36 94 (2752)
38 56 71 97 (2736)
1 41 67 71 90 94 (2792)
38 41 67 90 94 104 (2680)
1 67 71 94 97 (2706)
38 55 90 94 97 (2528)
36 67 71 97 104 (2960)
36 67 90 (5124)
79 90 94 97 (4256)
1 31 36 90 97 (2968)
38 56 90 97 (3744)
24 36 97 100 (2864)
1 38 41 67 90 (2848)
23 38 41 97 (2720)
1 36 41 88 90 94 (2720)
1 23 36 38 41 (2656)
2 36 90 97 120 (2776)
1 36 67 71 90 97 (2706)
23 41 71 90 94 (2680)
23 36 90 94 (3376)
67 71 79 94 (2570)
36 38 56 90 (3744)
24 97 100 (2864)
1 23 38 94 (2656)
67 71 90 94 97 104 (2960)
36 38 90 94 104 (3288)
56 90 100 (2752)
1 36 41 71 (3120)
24 36 38 120 (2528)
31 41 67 71 (2544)
24 79 90 (2616)
23 67 71 104 (2776)
23 36 38 67 71 90 104 (2672)
36 38 56 94 (3744)
1 36 88 (2960)
90 100 (3056)
36 38 56 94 120 (2736)
1 41 94 97 (3456)
23 36 38 41 90 (3016)
31 36 41 71 90 94 (2680)
36 38 41 67 90 94 104 (2680)
5 90 97 (3600)
1 56 (2848)
24 90 94 100 (2856)
23 41 104 (2824)
1 38 67 90 94 97 (2576)
1 67 71 90 97 (2898)
36 79 88 90 94 (3776)
36 38 67 79 (2552)
36 90 97 104 (3368)
1 31 56 90 94 97 (2752)
36 38 67 90 97 104 (3024)
2 36 38 90 97 (3696)
23 36 38 41 67 90 94 104 (2680)
36 38 56 90 94 120 (2736)
23 36 41 67 97 (2576)
23 38 71 90 94 97 (2640)
36 38 41 67 90 94 97 (2576)
36 38 90 97 120 (3664)
23 38 90 94 (3272)
36 67 71 79 90 94 (2570)
1 36 67 94 97 104 (2624)
1 38 71 104 (2560)
1 36 41 79 90 94 (2720)
120 (4064)
36 38 67 94 104 (3128)
1 36 67 90 97 (3220)
23 97 (3080)
36 71 88 90 94 (3168)
23 36 41 (3016)
2 97 (3808)
38 41 67 90 94 97 (2576)
56 90 94 (4864)
42 90 (2536)
1 31 36 41 90 94 97 (2752)
23 36 38 41 90 104 (2824)
41 67 71 104 (2680)
1 71 104 (2800)
36 79 90 94 (4744)
36 88 104 (2608)
2 24 36 38 90 94 97 (3152)
57 97 (3680)
23 71 90 94 97 (2744)
36 38 90 (6608)
24 36 56 90 94 97 100 (2752)
2 38 94 120 (2800)
1 36 88 94 (2960)
36 71 90 94 104 (3280)
90 94 97 104 (3368)
23 38 94 (3272)
1 67 71 90 94 (3002)
1 36 41 71 90 94 (3120)
23 36 71 90 (3040)
36 38 41 67 71 (2608)
36 38 67 88 (2552)
38 67 71 94 97 (3192)
36 38 94 (6608)
1 31 71 (2932)
2 38 90 120 (2800)
24 36 38 90 94 120 (2528)
67 90 104 (3664)
1 41 90 104 (2960)
94 97 100 (2856)
1 23 67 94 97 (2528)
38 57 94 (3528)
1 41 56 90 94 (2752)
24 38 90 97 (3488)
38 41 71 94 (2680)
11 90 94 (3260)
23 36 67 97 (2936)
31 36 56 (2752)
1 67 71 (3194)
1 38 67 71 90 97 (2528)
23 38 41 90 104 (2824)
5 90 94 (3748)
36 88 90 104 (2608)
97 104 (3560)
24 38 (3552)
31 36 41 90 (3352)
5 97 (3600)
1 41 67 90 104 (2800)
1 36 38 67 90 94 97 104 (2528)
31 36 56 90 94 (2752)
11 36 90 94 (3236)
2 24 36 90 94 (3272)
31 41 67 (2872)
36 38 41 (4352)
38 55 97 (2720)
38 97 (6464)
2 36 38 120 (2800)
36 38 56 90 94 97 (3744)
38 90 94 (6632)
1 36 38 (2816)
23 36 38 90 104 (3080)
1 36 41 56 94 (2752)
36 42 90 94 97 (2528)
1 23 67 94 97 104 (2528)
1 36 71 90 94 (3348)
1 31 36 56 90 94 97 (2752)
1 41 90 94 (3984)
11 (3268)
36 41 79 (3080)
94 97 120 (3880)
88 90 94 97 (4152)
56 67 90 94 97 (3344)
1 36 38 90 104 (2576)
90 (8416)
38 41 67 97 (2768)
2 36 120 (2848)
36 41 90 104 (3128)
24 56 90 94 (2752)
36 55 97 (2712)
2 24 36 90 94 97 (3248)
41 88 97 (2592)
36 56 67 71 97 (2584)
36 38 41 90 (4352)
1 31 56 90 97 (2752)
2 36 38 94 97 120 (2728)
1 71 94 (3348)
24 36 56 94 100 (2752)
36 71 79 90 (3204)
36 90 97 120 (3880)
23 38 67 71 94 97 (2568)
1 31 36 41 71 90 (2608)
23 36 67 71 94 104 (2776)
36 71 104 (3280)
23 38 94 97 104 (2976)
24 36 90 100 (2864)
36 38 41 57 90 94 (3432)
23 41 90 94 97 104 (2720)
36 38 56 94 97 (3744)
38 71 104 (3128)
1 23 104 (2560)
1 36 79 90 (3032)
71 88 90 (3168)
1 31 90 94 (3496)
1 36 90 (4296)
23 36 38 41 90 94 104 (2824)
79 (4744)
23 41 71 (2680)
36 38 56 71 94 (2736)
36 67 90 94 97 (4684)
1 23 36 104 (2560)
1 67 97 (3412)
38 56 90 94 120 (2736)
71 88 94 (3168)
1 36 88 90 94 (2960)
38 90 94 97 104 (3168)
1 41 79 90 (2720)
36 100 (3056)
36 56 71 90 94 (3344)
38 41 90 104 (3032)
38 56 90 94 (3744)
23 38 71 94 97 (2640)
1 23 36 67 94 (2752)
97 120 (3976)
1 36 38 90 94 104 (2576)
1 67 71 90 94 97 (2706)
24 38 90 120 (2624)
1 31 36 71 94 (2740)
90 94 100 (3048)
36 79 88 90 (3776)
6 38 90 97 (2568)
31 41 56 94 (2752)
36 56 88 90 (2848)
1 31 36 41 56 (2752)
67 97 (4876)
1 23 36 67 94 104 (2560)
1 23 36 41 90 94 (2656)
5 36 38 90 94 (2964)
23 38 67 71 90 97 (2568)
1 23 38 67 94 (2656)
1 36 41 71 94 97 (2752)
1 31 36 71 (2740)
38 56 (3744)
36 67 79 94 97 (3100)
1 31 41 97 (2944)
6 38 90 (2704)
2 36 38 90 94 120 (2800)
1 38 67 97 (2768)
36 79 94 97 (4256)
24 36 90 97 100 (2864)
56 90 97 120 (2832)
36 38 55 94 97 (2528)
23 38 41 67 94 97 (2576)
1 23 36 67 71 94 (2560)
1 38 67 94 97 104 (2528)
36 38 41 67 94 104 (2680)
31 41 (3544)
38 67 71 90 104 (3056)
23 36 38 67 94 97 104 (2832)
1 23 90 94 (2752)
1 31 36 41 90 (3280)
41 71 90 (3528)
36 71 88 94 97 (2824)
24 36 120 (2648)
1 23 36 38 94 (2656)
36 41 56 90 (3040)
1 23 41 94 (2656)
36 67 88 (3408)
23 36 38 67 90 94 97 (2832)
5 36 41 90 94 (2708)
1 36 38 67 71 90 94 (2560)
36 41 88 94 97 (2592)
23 38 94 97 (2976)
36 71 94 104 (3280)
1 36 41 67 90 94 97 (2944)
1 36 67 90 94 97 (3220)
24 36 90 94 (4816)
36 38 67 71 94 104 (2864)
36 71 79 90 94 97 (2860)
90 94 104 (3776)
36 67 71 88 90 (2552)
36 56 67 71 (2584)
1 36 90 94 97 (3768)
1 23 36 67 104 (2560)
36 41 56 90 97 (3040)
1 41 90 94 104 (2768)
36 56 71 (3344)
38 71 94 97 104 (2832)
38 71 90 94 97 104 (2832)
1 36 79 90 97 (2616)
24 36 56 90 94 (2752)
38 56 90 97 120 (2736)
1 23 38 67 (2656)
1 31 36 90 94 (3496)
1 23 36 67 90 97 104 (2528)
23 67 71 90 97 (2672)
56 97 (4864)
23 36 38 67 90 (3128)
23 36 38 94 97 (2976)
23 36 38 104 (3080)
23 90 94 (3376)
31 36 56 90 (2752)
56 71 97 (3344)
2 24 36 38 90 97 (3152)
36 38 56 67 97 (2736)
38 67 (4424)
1 31 41 56 90 94 (2752)
36 67 71 79 90 (2570)
1 36 67 90 94 104 (2800)
23 36 38 67 71 97 (2568)
1 38 94 (2816)
1 23 90 94 97 (2528)
36 42 90 94 (2528)
2 36 94 97 120 (2776)
67 104 (3664)
1 23 36 90 104 (2560)
88 90 (4640)
1 38 41 67 104 (2656)
11 36 90 (3244)
1 97 (3960)
41 97 104 (2912)
36 56 67 71 90 (2584)
23 67 97 (2936)
23 36 38 71 90 94 97 (2640)
88 90 94 (4640)
36 38 67 90 94 (4232)
24 36 56 94 (2752)
1 41 94 (3984)
36 41 90 (5664)
36 38 67 71 97 104 (2760)
23 38 41 94 97 104 (2720)
1 38 67 71 97 (2528)
24 36 38 94 120 (2528)
23 36 41 90 94 97 104 (2720)
6 36 90 (3236)
1 23 36 67 97 (2528)
38 79 94 97 (2960)
67 90 94 104 (3472)
2 38 94 97 120 (2728)
31 36 71 90 (2820)
1 31 71 94 (2740)
1 23 36 38 41 94 (2656)
1 94 97 104 (2624)
23 41 90 97 104 (2720)
41 90 94 97 104 (2720)
55 90 (3552)
38 88 (3128)
1 38 90 104 (2768)
1 23 97 (2528)
23 38 97 104 (2976)
1 71 90 94 (3348)
2 36 90 94 97 (3800)
5 38 94 (2972)
11 36 38 94 (3196)
36 38 90 94 120 (3752)
1 23 36 67 90 94 104 (2560)
1 (4488)
11 94 97 (3056)
36 79 90 (4744)
23 67 71 90 104 (2776)
1 23 36 67 (2752)
24 (5040)
1 88 90 94 97 (2544)
23 36 38 41 67 90 97 (2576)
67 71 97 (3858)
31 36 67 90 (2868)
36 56 120 (2832)
1 36 67 71 90 94 97 (2706)
79 90 94 (4744)
38 56 71 90 97 (2736)
23 36 67 90 97 (2936)
38 94 120 (3752)
36 88 (4640)
23 36 67 71 90 (2968)
1 71 (3540)
31 67 90 (3060)
1 38 104 (2768)
38 41 67 104 (2872)
79 88 97 (3336)
41 67 90 97 (3280)
2 38 94 (3816)
38 90 120 (3848)
24 36 56 90 94 97 (2752)
31 36 97 (3016)
1 38 90 (3008)
1 31 71 90 97 (2564)
24 79 (2616)
67 79 88 94 (2760)
36 79 88 97 (3336)
38 67 71 94 97 104 (2760)
31 36 67 (2868)
100 (3056)
31 94 97 (3008)
24 97 (4688)
38 104 (3480)
5 36 90 94 (3740)
38 67 71 104 (3056)
71 79 90 97 (2860)
1 79 (3032)
1 41 97 (3648)
38 41 97 104 (2912)
55 90 94 (3352)
23 36 41 71 (2680)
56 90 120 (2832)
36 41 (5664)
23 38 67 90 94 (3128)
1 23 67 71 90 (2560)
23 36 41 67 71 94 (2608)
36 67 71 79 (2570)
71 79 94 97 (2860)
2 38 90 94 (3816)
67 71 88 94 (2552)
2 97 120 (2776)
1 36 67 94 (3588)
36 71 88 97 (2824)
1 94 97 (3768)
1 31 36 41 67 (2608)
23 38 41 67 (2872)
1 71 90 97 (3172)
67 71 79 (2570)
1 36 38 97 104 (2528)
23 36 90 (3376)
23 67 94 97 (2936)
36 90 97 (7576)
23 38 71 90 94 (2936)
56 67 71 97 (2584)
97 100 (2864)
1 67 90 104 (2992)
36 67 88 90 (3408)
1 38 97 (2768)
36 41 67 97 104 (2576)
1 23 36 90 94 104 (2560)
23 36 67 90 94 104 (3040)
24 41 90 (2864)
23 38 67 90 97 (2832)
36 67 90 94 (5124)
56 71 94 (3344)
23 41 67 90 94 97 (2576)
23 38 (3272)
1 36 38 67 90 (2800)
94 (8216)
41 67 71 94 (2936)
1 79 90 97 (2616)
1 31 41 56 94 97 (2752)
1 31 67 90 (2980)
38 120 (3848)
23 41 67 94 97 104 (2576)
56 79 94 97 (2848)
36 38 41 57 97 (3312)
31 36 41 67 90 94 (2680)
1 23 97 104 (2528)
56 90 (4864)
23 41 67 71 90 94 (2608)
36 38 71 90 94 97 (3696)
31 41 56 94 97 (2752)
1 67 (3780)
2 36 90 120 (2848)
38 94 97 128 (2912)
1 67 71 94 104 (2536)
36 38 90 104 (3288)
5 94 (3748)
24 94 97 100 (2856)
38 88 90 94 97 (2928)
23 41 67 90 (2872)
36 38 67 88 90 (2552)
24 94 97 120 (2648)
1 36 38 90 94 97 (2576)
31 36 41 67 (2680)
38 67 97 104 (3216)
38 90 97 128 (2912)
23 36 67 71 (2968)
23 36 71 94 104 (2848)
36 41 71 90 104 (2632)
36 38 55 94 (2864)
36 88 90 94 (4640)
1 36 41 56 90 97 (2752)
36 38 56 120 (2736)
31 36 41 90 94 97 (2752)
1 31 41 71 90 (2800)
36 38 55 97 (2528)
36 41 56 97 (3040)
36 38 67 71 90 (3488)
23 67 71 (2968)
38 41 57 90 94 (3432)
56 79 (2848)
36 94 104 (3776)
56 67 90 94 (3344)
38 67 71 90 94 104 (2864)
23 36 38 71 90 104 (2744)
36 38 41 67 104 (2680)
36 56 90 97 (4864)
2 38 97 120 (2728)
67 90 94 (5124)
1 41 67 71 90 (2984)
88 104 (2608)
41 88 90 94 97 (2592)
1 36 38 67 71 90 (2560)
2 36 38 90 120 (2800)
23 41 67 (2872)
38 90 94 97 (6272)
41 71 (3528)
67 71 94 97 104 (2960)
36 38 71 90 94 97 104 (2832)
24 90 120 (2744)
23 38 67 94 (3128)
41 67 90 94 97 104 (2576)
1 31 36 56 94 (2752)
36 38 94 97 104 (3168)
42 97 (2536)
36 38 88 97 (2928)
23 36 67 94 104 (3040)
38 55 90 94 (2888)
23 36 41 67 90 97 104 (2576)
42 94 97 (2528)
23 67 71 90 (2968)
38 41 71 90 94 (2680)
36 38 97 128 (2912)
1 41 67 94 97 (2944)
36 38 41 94 97 104 (2720)
1 38 41 90 97 104 (2624)
1 36 71 90 94 104 (2608)
36 41 55 94 (2624)
23 41 67 90 94 104 (2680)
1 41 71 90 94 97 (2752)
38 41 67 71 104 (2608)
1 23 67 104 (2560)
23 38 41 71 94 (2680)
1 31 41 67 (2800)
36 67 71 94 97 (3666)
2 24 36 38 94 (3176)
23 38 67 71 90 94 (2864)
23 36 41 67 71 (2608)
1 36 71 94 104 (2608)
41 56 90 (3040)
23 36 38 41 67 71 90 94 (2608)
36 41 67 71 (2936)
36 94 100 (3048)
24 56 90 97 100 (2752)
1 31 36 94 97 (2968)
2 38 90 94 120 (2800)
36 90 94 97 120 (3880)
36 41 67 94 (3528)
23 71 90 104 (2848)
38 41 57 90 97 (3312)
1 41 56 90 (2752)
38 41 67 97 104 (2768)
1 31 36 67 (2788)
38 67 94 104 (3128)
1 31 94 97 (2968)
36 41 97 (5040)
23 36 41 67 90 104 (2680)
5 36 38 97 (2872)
36 88 90 97 (4152)
1 23 90 104 (2560)
24 79 94 (2616)
36 41 56 90 94 (3040)
38 41 71 90 104 (2680)
38 41 97 (4208)
1 38 41 67 97 104 (2624)
1 36 90 97 104 (2624)
36 57 90 97 (3680)
23 38 71 90 97 (2640)
1 31 36 94 (3496)
23 38 67 90 97 104 (2832)
38 41 67 94 (2872)
36 38 79 90 94 (3160)
38 90 97 (6464)
1 23 41 67 90 94 (2656)
23 38 67 71 90 97 104 (2568)
31 41 67 90 (2872)
38 56 94 (3744)
1 71 90 94 97 (2980)
11 90 (3268)
36 41 67 94 104 (2824)
41 94 (5688)
38 71 90 97 (3888)
97 (7768)
41 79 88 90 94 (2648)
31 36 90 94 97 (3008)
41 88 (3080)
67 94 97 (4684)
67 71 79 90 (2570)
36 56 90 94 97 100 (2752)
38 88 97 (2928)
55 90 97 (2904)
1 23 41 67 94 (2656)
1 23 36 90 94 97 104 (2528)
36 38 41 90 104 (2840)
1 67 104 (2992)
1 41 88 (2720)
2 36 90 97 (3808)
36 (8200)
71 97 (4636)
23 67 94 97 104 (2936)
38 67 88 94 (2552)
41 79 90 (3080)
1 38 71 97 (2528)
1 36 41 94 (3984)
36 55 90 97 (2712)
38 41 55 90 (2552)
94 97 104 (3368)
36 38 56 67 94 97 (2736)
41 79 88 (2648)
41 67 94 97 104 (2576)
23 36 38 41 67 97 104 (2576)
31 41 67 71 90 (2544)
6 36 94 (3234)
31 36 71 94 (2820)
36 41 67 97 (3088)
41 79 94 (3080)
1 23 36 38 41 90 (2656)
36 41 90 94 97 104 (2720)
71 104 (3472)
1 56 90 94 97 (2848)
36 67 71 90 94 104 (3136)
23 36 41 90 97 (2720)
36 38 90 128 (2944)
38 88 90 97 (2928)
23 41 94 97 104 (2720)
24 94 97 (4488)
1 41 79 90 94 (2720)
36 38 56 71 (2736)
38 56 90 94 97 (3744)
23 36 38 90 94 97 104 (2976)
1 36 71 90 97 (2980)
24 56 94 100 (2752)
23 36 38 41 94 97 (2720)
36 56 67 71 90 94 (2584)
1 41 94 104 (2768)
38 90 97 120 (3760)
94 97 128 (3104)
38 90 128 (2968)
36 67 71 97 (3666)
104 (3968)
31 41 90 (3544)
31 36 41 56 94 (2752)
11 36 38 90 94 (3196)
41 57 90 94 (3432)
24 56 90 100 (2752)
36 38 56 67 90 (2736)
79 104 (2608)
5 41 94 (2716)
1 88 90 (2960)
36 38 67 97 (3936)
24 56 (2752)
1 38 71 90 94 (2560)
1 36 38 104 (2576)
23 36 38 41 94 104 (2824)
36 55 (3336)
36 67 88 90 94 (3408)
56 67 94 97 (3344)
2 36 97 (3808)
2 90 94 (3920)
41 57 90 (3432)
1 23 36 41 94 (2656)
23 71 90 94 104 (2848)
36 56 90 97 120 (2832)
36 42 (2536)
36 56 94 (4864)
1 56 90 (2848)
36 38 79 (3160)
38 67 94 97 (3936)
79 90 94 104 (2608)
23 41 90 (3016)
1 38 41 97 104 (2624)
24 56 100 (2752)
41 57 94 (3432)
36 67 79 90 97 (3100)
41 71 90 94 104 (2632)
36 41 67 90 97 104 (2576)
38 41 71 90 (2872)
23 38 71 90 97 104 (2640)
2 24 38 97 (3152)
56 100 (2752)
23 41 94 (3016)
1 36 38 71 90 94 (2560)
2 90 94 97 120 (2776)
23 38 94 104 (3080)
36 56 67 90 94 (3344)
36 38 56 71 97 (2736)
23 41 67 97 104 (2576)
38 128 (2968)
41 90 104 (3320)
41 79 88 94 (2648)
2 90 94 120 (2848)
38 67 79 90 (2552)
36 38 67 71 104 (2864)
23 38 41 94 (3016)
1 36 41 67 90 94 104 (2608)
23 38 71 94 104 (2744)
24 36 94 100 (2856)
5 36 97 (3552)
36 56 100 (2752)
36 42 94 97 (2528)
41 94 104 (3128)
1 67 94 104 (2800)
1 31 36 67 94 (2788)
1 36 41 90 94 (3984)
23 36 38 67 71 94 104 (2672)
36 38 56 97 120 (2736)
55 90 94 97 (2704)
36 56 79 90 97 (2848)
23 36 41 67 104 (2680)
23 104 (3184)
36 41 79 88 94 (2648)
1 36 41 88 90 (2720)
56 71 90 (3344)
1 36 38 67 94 (2800)
1 23 67 90 104 (2560)
1 36 41 71 90 (3120)
23 36 71 104 (2848)
1 31 36 41 56 90 94 (2752)
1 41 79 94 (2720)
41 67 71 90 97 (2760)
36 38 67 97 104 (3024)
23 38 41 67 94 (2872)
41 88 90 94 (3080)
36 38 67 71 90 94 97 104 (2760)
1 36 38 67 90 94 104 (2560)
36 67 71 90 94 97 (3666)
36 67 71 94 104 (3136)
1 41 56 94 97 (2752)
23 90 94 104 (3184)
36 38 57 90 94 (3528)
1 36 41 67 90 97 (2944)
1 31 36 71 90 94 (2740)
36 67 71 90 97 (3666)
38 41 94 97 (4016)
1 23 38 41 67 (2656)
67 79 94 97 (3100)
1 38 67 71 90 (2752)
24 41 90 94 (2672)
36 56 97 120 (2832)
67 79 (3444)
1 38 67 90 97 104 (2720)
1 31 71 90 94 (2740)
36 41 94 97 104 (2720)
2 24 94 (3296)
23 36 94 104 (3184)
56 94 97 120 (2832)
36 38 71 90 97 104 (2832)
23 67 97 104 (2936)
36 41 67 (3528)
36 41 67 90 97 (3088)
1 31 36 41 90 94 (3280)
1 23 36 67 90 97 (2528)
31 36 41 67 90 (2680)
2 24 36 38 97 (3152)
38 41 67 71 94 (2608)
67 71 88 90 94 (2552)
36 38 97 120 (3664)
23 36 67 71 94 97 (2672)
1 23 36 38 41 90 94 (2656)
23 94 104 (3184)
24 36 94 (4816)
24 36 90 94 97 (4488)
38 67 90 94 97 (3936)
6 97 (3156)
23 36 38 97 (2976)
36 38 41 67 90 94 97 104 (2576)
11 36 38 90 94 97 (3016)
5 36 38 94 97 (2872)
23 38 41 104 (2824)
24 36 38 90 94 (3336)
36 38 67 90 104 (3128)
1 31 41 56 90 (2752)
1 38 67 94 97 (2576)
36 38 41 104 (2840)
1 23 36 41 67 (2656)
1 36 41 79 (2720)
11 36 38 94 97 (3016)
36 38 41 71 (2680)
24 100 (2864)
31 41 71 (2872)
42 90 94 97 (2528)
41 67 71 90 94 (2936)
23 36 38 67 94 (3128)
23 36 41 90 94 104 (2824)
56 (4864)
1 23 67 90 97 (2528)
1 36 41 67 71 90 (2792)
1 36 79 94 (3032)
23 38 67 (3128)
67 90 (5316)
38 71 90 (4184)
67 71 90 94 (4034)
36 41 104 (3128)
1 36 38 67 90 97 104 (2528)
1 36 79 90 94 (3032)
38 56 67 90 97 (2736)
1 41 67 90 97 104 (2624)
23 36 38 67 71 90 97 (2568)
71 90 104 (3472)
1 38 71 90 (2752)
11 38 90 94 (3220)
38 56 67 94 97 (2736)
36 79 88 94 97 (3336)
1 23 36 71 90 94 (2560)
36 90 100 (3056)
36 56 97 100 (2752)
41 71 90 94 (3336)
24 56 94 97 (2752)
41 67 94 (3528)
36 71 90 104 (3280)
1 36 38 94 104 (2576)
1 41 67 71 90 104 (2536)
36 79 94 104 (2608)
36 88 90 (4640)
38 79 90 (3160)
36 38 71 90 97 (3696)
1 36 56 (2848)
38 67 71 90 94 (3488)
1 36 79 (3032)
23 38 41 94 97 (2720)
1 90 94 97 (3768)
36 38 56 90 120 (2736)
1 41 90 97 (3648)
6 94 97 (3106)
1 36 90 104 (2960)
71 90 97 104 (3224)
79 94 104 (2608)
36 38 41 97 (4016)
1 23 41 67 (2656)
23 36 38 67 71 94 97 (2568)
36 57 90 94 (3800)
11 36 94 (3236)
1 36 38 67 90 94 (2800)
36 38 41 57 90 97 (3312)
38 67 71 (3680)
23 36 38 41 67 90 97 104 (2576)
36 67 71 104 (3136)
6 90 97 (3156)
38 41 67 90 (3064)
71 94 97 104 (3032)
23 36 38 41 67 90 94 97 (2576)
23 38 41 67 90 94 (2872)
1 71 97 (3172)
31 41 90 94 (3352)
1 31 36 41 (3280)
90 97 (7768)
1 23 (2752)
24 56 94 97 100 (2752)
23 36 41 67 90 94 (2872)
36 41 67 71 94 (2936)
1 23 67 90 94 97 104 (2528)
11 90 97 (3064)
23 36 41 104 (2824)
38 56 71 90 (2736)
36 56 71 90 94 97 (3344)
38 90 (6824)
1 36 67 97 (3220)
1 31 36 41 56 97 (2752)
24 36 38 90 94 97 (3296)
1 38 94 97 (2576)
24 36 38 94 (3336)
36 67 104 (3472)
1 36 38 67 (2800)
1 36 79 88 94 (2528)
31 71 94 (2820)
41 67 97 (3280)
36 79 90 94 97 (4256)
5 94 97 (3552)
38 67 88 90 (2552)
38 41 90 94 97 104 (2720)
23 36 41 67 90 (2872)
88 94 97 (4152)
1 36 94 97 104 (2624)
31 36 41 94 97 (2752)
1 90 97 104 (2816)
36 94 97 104 (3368)
2 36 90 (3904)
6 36 90 97 (3108)
23 38 41 67 71 90 (2608)
1 36 67 (3588)
23 41 67 90 94 (2872)
67 71 88 (2552)
36 56 67 71 94 97 (2584)
6 38 94 (2656)
1 36 38 41 67 90 (2656)
36 38 94 128 (2944)
67 94 104 (3472)
67 79 88 90 (2760)
2 94 97 (3800)
1 38 90 94 97 104 (2528)
36 90 94 97 104 (3368)
71 88 94 97 (2824)
23 36 38 71 94 104 (2744)
23 36 41 71 90 (2680)
1 31 36 71 90 (2740)
36 38 41 67 97 104 (2576)
36 38 90 120 (3752)
36 71 90 (4884)
23 38 90 94 97 (2976)
23 36 38 41 67 94 97 (2576)
1 38 (3008)
31 36 67 94 (2868)
2 38 90 (3816)
5 36 38 90 94 97 (2872)
38 67 94 97 104 (3024)
23 36 38 90 94 104 (3080)
1 23 36 38 41 67 90 94 (2656)
1 31 67 97 (2612)
38 57 90 94 97 (3408)
71 94 (4884)
6 38 90 94 (2656)
67 (5316)
67 71 88 90 (2552)
1 23 36 38 67 90 (2656)
36 55 90 94 (3328)
79 88 94 97 (3336)
90 94 97 128 (3104)
24 36 79 90 94 (2616)
1 38 67 90 104 (2752)
56 97 100 (2752)
1 23 36 38 67 90 94 (2656)
38 41 67 71 90 104 (2608)
1 36 88 94 97 (2544)
23 38 67 71 90 (2864)
23 71 97 (2744)
