23 36 67 104 (3040)
1 41 67 90 (3504)
11 36 38 97 (3016)
36 67 71 90 97 104 (2960)
23 36 38 90 94 97 (2976)
38 67 90 97 (4128)
36 38 90 94 (6608)
2 90 94 97 (3800)
6 36 90 94 97 (3106)
36 41 57 94 (3432)
23 67 104 (3040)
1 31 36 97 (2968)
1 71 90 (3540)
36 41 56 (3040)
36 71 79 94 (3204)
1 36 41 90 94 97 (3456)
31 41 94 (3352)
36 71 90 94 97 104 (3032)
1 90 (4488)
5 (3796)
1 36 71 94 (3348)
38 41 94 (4376)
1 36 41 94 97 (3456)
5 36 38 90 (2964)
1 36 71 90 (3348)
71 79 94 (3204)
36 38 56 97 (3744)
36 56 71 90 (3344)
38 79 90 94 97 (2960)
90 97 120 (3976)
88 (4640)
36 104 (3776)
36 41 94 104 (3128)
38 71 90 94 (3992)
41 97 (5232)
38 56 97 (3744)
36 57 90 94 97 (3680)
23 41 (3016)
56 67 94 (3344)
36 79 88 (3776)
56 71 90 97 (3344)
36 38 94 97 (6272)
36 67 97 (4684)
11 38 90 (3220)
71 90 94 97 104 (3032)
36 38 41 94 97 (4016)
41 88 90 94 (3080)
23 36 38 90 97 104 (2976)
36 71 88 90 (3168)
36 57 97 (3680)
2 36 38 97 (3696)
38 67 71 90 (3680)
36 56 67 94 (3344)
36 38 56 (3744)
31 36 90 94 (3608)
56 71 94 97 (3344)
23 36 (3376)
11 38 94 (3220)
6 (3292)
36 38 56 90 97 (3744)
36 38 79 90 94 97 (2960)
23 36 94 104 (3184)
36 38 71 97 (3696)
56 90 94 97 (4864)
1 71 90 94 97 (2980)
36 57 (3800)
38 67 71 94 (3488)
41 57 97 (3312)
67 71 90 97 104 (3152)
31 90 94 (3608)
36 41 88 (3080)
38 71 90 104 (3128)
67 79 90 94 (3444)
67 88 (3408)
41 88 94 (3080)
94 128 (3160)
31 36 90 (3616)
67 71 94 (4034)
41 67 71 90 (3128)
36 71 97 (4444)
79 90 97 (4256)
23 67 90 94 (3232)
1 31 36 41 94 (3280)
23 36 97 104 (3080)
36 38 67 104 (3128)
11 38 90 94 (3220)
41 90 97 (5232)
36 38 97 (6272)
90 128 (3160)
36 79 88 94 (3776)
36 90 104 (3776)
38 41 104 (3032)
56 71 (3344)
41 57 90 97 (3312)
79 94 97 (4256)
23 90 104 (3184)
36 41 56 90 94 (3040)
23 36 90 97 (3080)
41 67 90 94 (3528)
36 38 67 94 (4232)
1 31 (3688)
1 67 90 94 (3588)
36 41 90 97 (5040)
23 36 38 104 (3080)
90 94 97 120 (3880)
67 79 94 (3444)
1 36 41 71 94 (3120)
41 79 (3080)
36 79 97 (4256)
36 38 57 90 94 (3528)
71 90 97 (4636)
1 67 71 90 (3194)
11 38 (3220)
2 36 38 94 (3792)
36 67 79 94 (3444)
56 71 90 94 (3344)
36 67 94 (5124)
36 38 67 90 94 97 (3936)
71 94 97 (4444)
36 79 (4744)
2 24 36 97 (3256)
36 67 71 90 97 (3666)
23 67 90 94 104 (3040)
36 41 56 94 (3040)
38 57 90 97 (3408)
23 36 90 97 104 (3080)
1 90 94 (4296)
36 79 88 90 94 97 (3336)
90 94 97 (7568)
23 36 38 41 94 (3016)
38 56 90 (3744)
36 38 67 71 (3488)
38 41 57 94 (3432)
41 90 (5880)
57 90 97 (3680)
36 55 94 (3328)
36 90 94 (8192)
23 38 104 (3080)
36 71 94 97 104 (3032)
36 38 90 97 120 (3664)
67 90 97 (4876)
36 56 71 97 (3344)
31 36 94 97 (3008)
1 38 (3008)
36 38 79 90 (3160)
94 100 (3048)
2 24 38 94 97 (3152)
57 94 97 (3680)
1 41 67 (3504)
1 31 90 (3688)
36 55 90 (3336)
24 38 90 94 (3360)
67 71 104 (3328)
36 56 71 90 97 (3344)
11 36 90 94 97 (3056)
36 67 88 97 (3064)
1 36 94 104 (2960)
1 41 67 90 94 (3312)
36 38 79 94 (3160)
36 41 71 94 (3336)
38 90 94 104 (3288)
31 36 90 97 (3016)
1 31 36 90 (3496)
1 79 90 94 (3032)
23 67 94 (3232)
36 71 90 94 (4884)
36 38 67 90 94 97 104 (3024)
36 38 67 71 90 94 (3488)
36 38 41 90 94 97 (4016)
36 79 94 (4744)
128 (3160)
23 36 90 94 97 (3080)
67 79 97 (3100)
1 31 41 (3472)
71 79 90 94 (3204)
1 36 71 (3348)
71 90 94 (4884)
1 41 71 94 (3120)
36 56 (4864)
36 38 67 94 97 (3936)
36 41 79 94 (3080)
1 41 71 90 94 (3120)
1 41 90 (4176)
36 41 94 (5664)
31 36 41 (3352)
38 57 90 94 (3528)
23 36 90 94 104 (3184)
1 38 67 (2992)
41 67 94 97 (3088)
5 36 38 (2964)
24 36 97 (4496)
36 38 57 90 (3528)
67 79 90 97 (3100)
36 56 90 94 (4864)
36 38 94 120 (3752)
38 67 71 90 97 104 (2952)
56 67 90 97 (3344)
36 67 71 94 104 (3136)
97 128 (3104)
67 90 94 97 104 (3224)
2 36 38 90 (3792)
36 88 90 94 97 (4152)
31 90 94 97 (3008)
36 67 79 90 94 (3444)
36 38 57 94 (3528)
23 67 90 104 (3040)
41 90 94 (5688)
23 71 90 (3040)
38 67 90 104 (3320)
1 36 90 97 (3768)
31 (3808)
36 41 57 90 94 97 (3312)
38 71 97 104 (3024)
1 36 67 90 (3588)
36 41 67 90 97 (3088)
36 38 67 71 94 97 (3192)
36 67 90 94 97 104 (3224)
23 36 94 (3376)
23 38 90 104 (3080)
2 36 38 (3792)
23 36 38 94 104 (3080)
1 67 90 (3780)
31 71 (3012)
79 88 90 97 (3336)
36 67 90 97 104 (3224)
38 79 90 94 (3160)
1 36 41 67 94 (3312)
88 94 (4640)
1 90 94 104 (2960)
36 38 120 (3752)
88 90 97 (4152)
1 36 97 (3768)
56 67 (3344)
1 41 (4176)
24 36 38 94 97 (3296)
6 90 (3292)
36 56 90 (4864)
90 97 128 (3104)
36 38 (6608)
38 94 97 104 (3168)
71 90 94 104 (3280)
36 38 41 94 (4352)
11 36 97 (3064)
38 41 57 90 97 (3312)
38 67 71 90 94 (3488)
31 36 (3616)
38 41 57 97 (3312)
56 94 (4864)
31 90 97 (3208)
2 24 36 90 94 97 (3248)
1 31 97 (3160)
38 67 104 (3320)
36 90 97 128 (3104)
23 90 97 (3080)
2 24 36 38 94 (3176)
1 94 (4296)
23 36 67 90 94 (3232)
5 90 94 97 (3552)
24 36 (4824)
36 94 97 (7568)
36 71 90 94 104 (3280)
38 67 90 94 97 104 (3024)
1 88 (2960)
23 36 67 (3232)
41 56 90 94 (3040)
71 79 90 (3204)
23 94 97 (3080)
36 67 97 104 (3224)
23 38 41 90 (3016)
79 90 (4744)
5 38 90 94 (2972)
36 67 71 90 104 (3136)
24 36 90 94 97 (4488)
38 41 90 97 (4208)
36 41 56 90 97 (3040)
36 71 97 104 (3032)
67 88 94 97 (3064)
36 41 67 90 94 (3528)
36 41 88 90 (3080)
38 71 (4184)
36 90 120 (3968)
1 79 90 (3032)
36 38 67 71 94 (3488)
2 38 94 97 (3696)
38 90 104 (3480)
36 41 71 (3336)
38 55 90 (3080)
23 36 38 90 97 (2976)
36 41 67 94 97 (3088)
36 38 90 97 (6272)
36 67 88 94 97 (3064)
38 67 90 94 (4232)
36 38 41 90 97 (4016)
38 71 97 (3888)
1 36 41 90 94 (3984)
23 36 104 (3184)
36 41 57 97 (3312)
36 38 41 57 (3432)
88 90 94 (4640)
36 56 67 90 (3344)
79 88 90 94 (3776)
2 36 94 (3896)
67 90 94 97 (4684)
1 41 71 (3312)
36 67 79 90 94 97 (3100)
2 24 90 94 97 (3248)
36 56 67 90 94 97 (3344)
36 67 71 94 (4034)
1 36 41 71 90 94 (3120)
67 90 94 104 (3472)
11 36 38 90 97 (3016)
38 57 97 (3408)
36 71 88 (3168)
23 36 41 94 (3016)
41 88 90 (3080)
31 36 94 (3608)
36 38 90 94 97 104 (3168)
57 90 (3800)
36 56 94 97 (4864)
36 67 79 (3444)
1 41 71 90 (3312)
2 90 (3928)
23 90 (3376)
79 88 90 94 97 (3336)
36 57 94 (3800)
24 90 94 (4840)
1 36 94 97 (3768)
36 79 88 90 97 (3336)
23 36 38 90 94 104 (3080)
23 (3376)
36 38 71 90 (3992)
6 36 (3236)
56 67 90 94 97 (3344)
2 36 38 90 94 (3792)
67 71 97 104 (3152)
36 88 94 97 (4152)
41 67 90 (3720)
38 94 97 120 (3664)
11 36 90 94 (3236)
31 36 41 94 (3352)
24 38 90 94 97 (3296)
36 38 71 94 (3992)
36 67 71 (4034)
41 90 94 104 (3128)
1 36 41 71 (3120)
24 36 94 97 (4488)
36 97 120 (3880)
36 67 79 90 (3444)
36 67 71 97 104 (2960)
36 67 90 (5124)
2 24 36 (3280)
1 31 36 90 97 (2968)
36 71 94 97 (4444)
38 56 90 97 (3744)
36 41 57 94 97 (3312)
1 36 67 71 94 (3002)
38 71 94 97 (3696)
5 36 94 (3740)
23 38 97 104 (2976)
23 36 90 94 (3376)
36 41 57 90 97 (3312)
36 38 56 90 (3744)
11 36 94 (3236)
38 67 71 (3680)
38 67 71 90 97 (3384)
36 38 90 94 104 (3288)
1 71 90 94 (3348)
36 90 94 120 (3968)
24 36 38 90 94 97 (3296)
23 38 90 94 97 104 (2976)
6 36 90 97 (3108)
67 88 97 (3064)
1 94 104 (2960)
36 38 56 94 (3744)
1 36 88 (2960)
90 100 (3056)
36 57 94 97 (3680)
1 36 41 67 (3312)
90 94 120 (3968)
1 41 94 97 (3456)
94 104 (3776)
1 88 90 94 (2960)
36 38 41 57 90 94 97 (3312)
5 90 97 (3600)
11 36 90 97 (3064)
23 36 38 97 104 (2976)
36 79 88 90 94 (3776)
36 90 97 104 (3368)
1 31 67 90 (2980)
36 38 67 90 97 104 (3024)
41 56 90 94 97 (3040)
88 97 (4152)
11 36 94 97 (3056)
1 36 90 94 104 (2960)
36 67 (5124)
36 41 88 90 94 (3080)
23 38 90 94 (3272)
2 24 94 97 (3248)
2 36 38 94 97 (3696)
23 36 67 90 (3232)
36 71 79 90 94 (3204)
120 (4064)
36 38 67 94 104 (3128)
36 41 56 94 97 (3040)
1 36 67 90 97 (3220)
23 97 (3080)
36 71 88 90 94 (3168)
23 36 41 (3016)
36 41 71 90 (3336)
2 97 (3808)
56 90 94 (4864)
1 36 79 94 (3032)
23 67 94 104 (3040)
2 24 97 (3256)
36 41 57 (3432)
2 24 36 38 90 94 97 (3152)
57 97 (3680)
36 38 90 (6608)
1 36 88 94 (2960)
41 56 94 97 (3040)
36 67 90 104 (3472)
90 94 97 104 (3368)
23 38 94 (3272)
36 38 56 94 97 (3744)
23 36 71 90 (3040)
36 41 56 90 94 97 (3040)
11 36 (3244)
38 67 71 94 97 (3192)
36 38 94 (6608)
1 36 88 90 (2960)
67 90 104 (3664)
1 41 90 104 (2960)
38 57 94 (3528)
24 38 90 97 (3488)
36 67 71 94 97 104 (2960)
11 90 94 (3260)
1 67 71 (3194)
5 90 94 (3748)
36 41 57 90 (3432)
97 104 (3560)
24 38 (3552)
31 36 41 90 (3352)
5 97 (3600)
38 97 120 (3760)
38 41 57 90 94 97 (3312)
57 (3800)
2 24 36 90 94 (3272)
38 97 (6464)
71 90 (5076)
36 38 56 90 94 97 (3744)
38 90 94 (6632)
6 36 97 (3108)
23 36 38 90 104 (3080)
36 67 71 90 94 (4034)
1 67 94 (3588)
1 36 71 90 94 (3348)
67 71 90 94 97 (3666)
1 41 90 94 (3984)
11 (3268)
36 41 79 (3080)
94 97 120 (3880)
88 90 94 97 (4152)
67 79 90 94 97 (3100)
90 (8416)
5 36 90 94 97 (3552)
90 94 97 128 (3104)
2 24 36 38 (3176)
2 36 90 94 (3896)
36 41 90 94 97 (5040)
1 36 67 71 90 94 (3002)
57 90 94 (3800)
36 38 41 90 (4352)
1 71 94 (3348)
36 71 79 90 (3204)
2 36 38 90 97 (3696)
41 71 97 (3088)
36 71 104 (3280)
23 38 94 97 104 (2976)
38 41 90 (4568)
11 90 94 97 (3056)
2 24 38 90 94 97 (3152)
36 38 41 57 90 94 (3432)
36 67 88 90 97 (3064)
41 56 (3040)
38 71 104 (3128)
67 71 94 104 (3136)
24 38 90 (3552)
71 88 90 (3168)
1 31 90 94 (3496)
1 36 90 (4296)
79 (4744)
71 97 104 (3224)
2 24 36 94 97 (3248)
36 67 90 94 97 (4684)
2 24 38 90 (3200)
1 67 97 (3412)
71 88 94 (3168)
36 94 120 (3968)
1 36 88 90 94 (2960)
57 90 94 97 (3680)
38 41 57 (3432)
36 56 71 90 94 (3344)
1 31 36 90 94 (3496)
56 67 90 (3344)
38 56 90 94 (3744)
36 79 90 97 (4256)
2 24 36 90 97 (3256)
36 38 71 90 97 (3696)
23 36 38 94 97 104 (2976)
41 67 90 94 97 (3088)
90 94 100 (3048)
36 79 88 90 (3776)
67 88 90 (3408)
36 38 67 71 97 (3192)
67 97 (4876)
36 90 94 97 120 (3880)
36 94 (8192)
5 36 38 90 94 (2964)
36 38 67 90 (4232)
23 36 41 90 94 (3016)
38 88 90 94 (3128)
38 79 (3160)
36 90 94 100 (3048)
1 104 (3152)
38 56 (3744)
36 67 79 94 97 (3100)
36 67 71 90 (4034)
1 90 97 (3960)
71 90 94 97 (4444)
36 57 90 94 (3800)
2 24 90 (3304)
36 38 79 90 97 (2960)
38 90 120 (3848)
38 67 71 90 104 (3056)
67 71 90 (4226)
5 36 (3740)
36 90 94 128 (3136)
36 41 90 94 104 (3128)
23 41 90 94 (3016)
36 41 56 90 (3040)
36 90 94 104 (3776)
41 67 71 (3128)
23 71 90 94 (3040)
36 67 88 (3408)
41 90 94 97 (5040)
36 38 97 120 (3664)
88 94 97 (4152)
38 88 94 (3128)
36 120 (3968)
38 41 90 94 (4376)
36 71 94 104 (3280)
23 36 38 67 (3128)
24 36 90 94 (4816)
36 97 128 (3104)
1 41 90 94 97 (3456)
90 94 104 (3776)
2 36 (3904)
1 36 90 94 97 (3768)
36 90 94 97 (7568)
67 79 90 (3444)
36 56 71 (3344)
23 36 38 94 (3272)
36 41 90 104 (3128)
1 31 41 90 94 (3280)
36 41 79 90 94 (3080)
23 36 71 90 94 (3040)
38 71 94 (3992)
38 90 94 97 104 (3168)
56 97 (4864)
11 36 38 90 94 97 (3016)
23 38 90 94 104 (3080)
79 97 (4256)
38 57 (3528)
36 38 79 94 97 (2960)
23 90 94 (3376)
36 67 90 97 (4684)
56 71 97 (3344)
90 94 128 (3160)
38 67 (4424)
2 38 (3816)
6 94 97 (3106)
5 36 90 (3740)
36 67 94 97 (4684)
67 104 (3664)
31 94 97 (3008)
36 88 94 (4640)
38 79 94 (3160)
38 41 57 90 (3432)
11 36 90 (3244)
1 97 (3960)
2 24 90 94 (3296)
36 71 90 97 104 (3032)
67 88 90 94 97 (3064)
31 97 (3208)
31 71 90 (3012)
36 38 67 90 94 (4232)
36 41 79 90 (3080)
1 41 94 (3984)
36 41 90 (5664)
41 67 (3720)
55 94 (3352)
36 67 79 97 (3100)
23 36 67 71 94 (2968)
6 36 90 (3236)
36 38 71 94 97 (3696)
38 79 94 97 (2960)
24 90 97 (4688)
36 38 71 90 94 (3992)
5 38 90 (3020)
1 41 67 97 (3136)
24 94 (4840)
36 38 67 90 97 (3936)
5 36 90 97 (3552)
55 90 (3552)
38 88 (3128)
23 38 41 90 94 (3016)
67 71 94 97 (3666)
36 71 79 (3204)
94 97 (7568)
23 67 90 (3232)
2 36 90 94 97 (3800)
36 38 67 94 97 104 (3024)
5 38 94 (2972)
11 36 38 94 (3196)
24 90 (5040)
1 67 90 94 97 (3220)
5 36 94 97 (3552)
1 (4488)
11 94 97 (3056)
36 79 90 (4744)
36 67 90 94 104 (3472)
23 38 41 (3016)
36 71 94 (4884)
24 (5040)
67 71 97 (3858)
23 36 38 67 94 (3128)
41 67 90 104 (3016)
79 90 94 (4744)
1 36 67 71 (3002)
41 104 (3320)
38 94 120 (3752)
36 88 (4640)
23 36 67 71 90 (2968)
1 71 (3540)
31 67 90 (3060)
79 88 97 (3336)
36 41 90 94 (5664)
41 67 90 97 (3280)
2 38 94 (3816)
31 41 (3544)
31 36 97 (3016)
6 90 97 (3156)
38 67 97 (4128)
1 36 67 90 94 97 (3220)
36 79 88 97 (3336)
100 (3056)
36 94 97 128 (3104)
88 90 (4640)
24 97 (4688)
38 104 (3480)
5 36 90 94 (3740)
38 67 71 104 (3056)
1 79 (3032)
1 41 97 (3648)
56 67 97 (3344)
55 90 94 (3352)
71 88 (3168)
36 41 (5664)
23 38 67 90 94 (3128)
24 90 94 97 (4488)
23 36 41 90 (3016)
2 38 90 94 (3816)
36 67 88 90 94 97 (3064)
23 36 71 (3040)
36 38 67 90 94 104 (3128)
38 90 94 128 (2968)
1 36 71 94 97 (2980)
1 71 90 97 (3172)
23 67 71 94 (2968)
1 41 104 (2960)
23 36 90 (3376)
67 90 94 (5124)
36 56 71 94 (3344)
36 90 97 (7576)
79 88 (3776)
2 24 38 (3200)
36 67 88 90 (3408)
2 90 94 (3920)
55 (3552)
23 36 67 90 94 104 (3040)
24 36 38 97 (3296)
31 41 90 94 (3352)
36 67 90 94 (5124)
56 71 94 (3344)
2 24 38 90 94 (3200)
23 38 (3272)
1 41 67 90 97 (3136)
94 (8216)
36 67 88 94 (3408)
67 71 (4226)
38 56 90 94 97 (3744)
36 90 94 97 104 (3368)
94 97 128 (3104)
38 120 (3848)
38 90 97 104 (3360)
23 36 38 67 90 94 (3128)
1 36 41 (3984)
36 38 41 57 97 (3312)
41 79 90 94 (3080)
36 67 71 97 (3666)
36 88 97 (4152)
56 90 (4864)
1 67 90 104 (2992)
36 38 71 90 94 97 (3696)
36 38 41 90 94 (4352)
1 67 (3780)
1 36 79 90 (3032)
36 38 90 104 (3288)
5 94 (3748)
36 94 128 (3136)
11 36 38 90 (3196)
24 38 94 97 (3296)
2 24 36 38 90 94 (3176)
38 67 97 104 (3216)
41 56 97 (3040)
1 36 94 (4296)
36 38 94 104 (3288)
36 90 128 (3136)
36 88 90 94 (4640)
67 88 90 97 (3064)
41 (5880)
38 41 67 (3064)
1 36 67 97 (3220)
1 79 94 (3032)
36 71 88 94 (3168)
1 31 36 (3496)
23 67 71 (2968)
38 41 57 90 94 (3432)
36 94 104 (3776)
56 67 90 94 (3344)
67 97 104 (3416)
36 56 90 97 (4864)
23 38 67 90 (3128)
90 120 (4064)
1 67 94 97 (3220)
23 36 90 104 (3184)
11 36 38 (3196)
36 41 94 97 (5040)
38 90 94 97 (6272)
41 71 (3528)
79 88 90 (3776)
36 56 67 94 97 (3344)
67 71 94 97 104 (2960)
23 36 67 90 104 (3040)
71 (5076)
1 67 71 90 94 (3002)
23 38 67 94 (3128)
1 36 90 94 (4296)
71 88 90 94 (3168)
36 90 (8200)
1 67 90 97 (3412)
79 88 94 (3776)
36 38 57 97 (3408)
23 36 67 94 104 (3040)
36 67 79 90 97 (3100)
36 41 88 94 (3080)
2 38 97 (3696)
36 38 41 57 90 (3432)
38 57 94 97 (3408)
23 36 94 97 104 (3080)
2 24 36 90 (3280)
36 38 88 94 (3128)
36 41 67 90 (3528)
71 94 104 (3280)
90 94 (8216)
1 36 (4296)
36 71 90 97 (4444)
36 67 71 94 97 (3666)
23 36 90 94 97 104 (3080)
36 56 90 94 97 (4864)
41 56 90 (3040)
1 31 90 97 (3160)
36 94 100 (3048)
1 31 36 94 97 (2968)
31 94 (3608)
36 41 67 94 (3528)
1 36 71 90 94 97 (2980)
23 36 38 41 90 94 (3016)
36 57 90 (3800)
38 41 90 94 97 (4016)
36 38 97 104 (3168)
6 94 (3242)
41 56 94 (3040)
1 31 94 97 (2968)
36 128 (3136)
67 88 90 94 (3408)
36 41 97 (5040)
36 88 90 97 (4152)
2 36 90 97 (3808)
24 36 38 90 97 (3296)
36 100 (3056)
38 41 97 (4208)
36 57 90 97 (3680)
1 31 36 94 (3496)
24 36 38 (3336)
38 41 57 94 97 (3312)
56 71 90 94 97 (3344)
38 41 90 104 (3032)
67 90 97 104 (3416)
1 67 71 94 (3002)
1 36 71 97 (2980)
38 56 94 (3744)
23 36 71 94 (3040)
2 36 94 97 (3800)
38 90 97 (6464)
41 94 (5688)
38 71 90 97 (3888)
97 (7768)
31 36 90 94 97 (3008)
2 24 (3304)
41 88 (3080)
67 94 97 (4684)
67 71 90 94 104 (3136)
36 94 97 120 (3880)
36 38 94 97 120 (3664)
2 24 36 94 (3272)
90 97 104 (3560)
36 38 57 90 97 (3408)
1 67 104 (2992)
24 36 90 97 (4496)
36 (8200)
36 90 94 97 128 (3104)
71 97 (4636)
36 38 41 57 94 (3432)
11 94 (3260)
41 79 90 (3080)
36 38 90 94 97 120 (3664)
1 36 41 94 (3984)
23 36 38 97 (2976)
94 97 104 (3368)
36 94 97 104 (3368)
90 104 (3968)
23 67 71 90 94 (2968)
2 36 38 90 94 97 (3696)
2 36 90 (3904)
36 41 67 97 (3088)
41 79 94 (3080)
41 56 90 97 (3040)
1 36 41 90 (3984)
71 104 (3472)
36 67 71 90 94 104 (3136)
23 38 90 (3272)
36 71 90 94 97 (4444)
24 38 97 (3488)
38 67 71 97 104 (2952)
23 36 38 90 94 97 104 (2976)
1 36 71 90 97 (2980)
23 97 104 (3080)
2 24 36 38 97 (3152)
38 57 90 (3528)
36 97 (7576)
38 90 128 (2968)
1 31 41 90 (3472)
104 (3968)
67 94 (5124)
31 41 90 (3544)
41 57 90 94 (3432)
1 36 67 94 97 (3220)
23 36 67 71 90 94 (2968)
38 67 90 97 104 (3216)
1 88 90 (2960)
36 38 67 97 (3936)
1 31 41 94 (3280)
11 38 90 97 (3016)
67 79 94 97 (3100)
23 36 38 41 90 (3016)
36 55 (3336)
6 36 94 97 (3106)
36 67 88 90 94 (3408)
56 67 94 97 (3344)
1 36 41 67 90 (3312)
2 36 97 (3808)
23 90 97 104 (3080)
1 36 41 97 (3456)
41 57 90 (3432)
38 67 71 97 (3384)
1 31 36 90 94 97 (2968)
31 36 41 90 94 (3352)
36 56 94 (4864)
36 90 97 120 (3880)
38 67 71 90 94 97 (3192)
36 38 79 (3160)
38 67 94 97 (3936)
23 41 90 (3016)
1 36 104 (2960)
38 90 94 120 (3752)
67 71 90 97 (3858)
23 94 97 104 (3080)
36 38 57 94 97 (3408)
41 57 94 (3432)
36 38 67 97 104 (3024)
36 56 71 94 97 (3344)
11 38 97 (3016)
2 24 38 97 (3152)
23 67 (3232)
23 41 94 (3016)
97 120 (3976)
23 38 94 104 (3080)
36 56 67 90 94 (3344)
38 128 (2968)
41 90 104 (3320)
36 38 71 (3992)
38 67 90 94 104 (3128)
1 31 90 94 97 (2968)
23 38 41 94 (3016)
79 94 (4744)
23 38 90 97 104 (2976)
36 38 67 71 90 94 97 (3192)
5 36 97 (3552)
41 94 104 (3128)
36 38 79 97 (2960)
23 90 94 97 104 (3080)
6 90 94 (3242)
1 41 67 71 (2984)
23 104 (3184)
56 71 90 (3344)
1 36 41 90 97 (3456)
1 38 67 90 (2992)
38 79 97 (2960)
67 88 94 (3408)
6 36 90 94 (3234)
36 41 71 90 94 (3336)
36 56 97 (4864)
41 67 104 (3016)
23 36 38 90 94 (3272)
38 90 97 120 (3760)
2 (3928)
38 94 97 (6272)
2 24 38 90 97 (3152)
36 67 71 90 94 97 (3666)
36 38 67 (4232)
79 90 94 97 (4256)
23 90 94 104 (3184)
41 71 90 97 (3088)
5 90 (3796)
38 41 (4568)
38 41 94 97 (4016)
23 90 94 97 (3080)
36 38 90 94 97 (6272)
67 71 90 104 (3328)
36 38 67 90 104 (3128)
67 79 (3444)
2 24 90 97 (3256)
38 94 104 (3288)
36 79 94 97 (4256)
38 71 90 94 97 (3696)
36 38 88 90 94 (3128)
2 24 94 (3296)
57 94 (3800)
36 41 67 (3528)
38 67 90 (4424)
1 31 36 41 90 94 (3280)
41 94 97 (5040)
2 94 (3920)
23 94 (3376)
1 36 67 90 94 (3588)
41 57 94 97 (3312)
23 94 104 (3184)
24 36 94 (4816)
56 90 97 (4864)
38 67 90 94 97 (3936)
38 67 94 (4232)
94 120 (3968)
36 38 88 (3128)
24 36 38 90 94 (3336)
71 79 (3204)
38 (6824)
36 56 67 90 97 (3344)
36 56 67 (3344)
23 36 38 94 97 (2976)
36 67 71 90 94 97 104 (2960)
24 36 90 (4824)
56 94 97 (4864)
11 36 38 94 97 (3016)
36 38 90 97 104 (3168)
23 38 97 (2976)
23 36 67 94 (3232)
38 55 (3080)
38 71 90 97 104 (3024)
2 24 36 38 90 97 (3152)
56 (4864)
23 67 71 90 (2968)
11 97 (3064)
24 38 94 (3360)
23 38 67 (3128)
67 90 (5316)
38 56 94 97 (3744)
38 71 90 (4184)
67 71 90 94 (4034)
36 41 104 (3128)
36 38 88 90 (3128)
2 24 36 38 94 97 (3152)
36 38 41 (4352)
71 90 104 (3472)
11 38 90 94 97 (3016)
38 97 104 (3360)
67 94 97 104 (3224)
1 31 67 (2980)
36 79 88 94 97 (3336)
1 31 36 41 90 (3280)
1 36 41 67 90 94 (3312)
36 90 100 (3056)
38 88 90 (3128)
41 71 90 94 (3336)
23 38 90 97 (2976)
36 41 67 90 94 97 (3088)
41 67 94 (3528)
36 71 90 104 (3280)
31 67 (3060)
1 90 104 (3152)
36 88 90 (4640)
38 79 90 (3160)
41 71 90 (3528)
2 24 36 38 90 (3176)
36 38 104 (3288)
1 31 94 (3496)
1 36 79 (3032)
23 36 38 41 (3016)
1 41 90 97 (3648)
2 90 97 (3808)
36 38 57 90 94 97 (3408)
1 36 90 104 (2960)
71 90 97 104 (3224)
1 36 79 90 94 (3032)
36 38 41 97 (4016)
41 71 94 (3336)
36 38 41 57 90 97 (3312)
1 36 67 71 90 (3002)
23 71 (3040)
36 67 71 104 (3136)
1 38 90 (3008)
38 41 67 90 (3064)
67 71 90 94 97 104 (2960)
71 94 97 104 (3032)
36 71 (4884)
5 38 (3020)
1 71 97 (3172)
36 56 67 97 (3344)
23 36 97 (3080)
1 31 36 41 (3280)
90 97 (7768)
36 38 57 (3528)
38 67 94 104 (3128)
36 38 94 97 104 (3168)
11 90 97 (3064)
41 57 (3432)
36 56 71 90 94 97 (3344)
38 90 (6824)
24 36 38 94 (3336)
23 36 38 (3272)
41 57 90 94 97 (3312)
23 36 94 97 (3080)
36 41 56 97 (3040)
2 24 38 94 (3200)
36 67 104 (3472)
5 36 38 94 (2964)
41 67 97 (3280)
5 94 97 (3552)
11 90 (3268)
36 38 67 71 90 (3488)
38 94 (6632)
2 38 90 97 (3696)
6 36 94 (3234)
23 38 94 97 (2976)
38 79 90 97 (2960)
24 94 97 (4488)
1 36 67 (3588)
11 36 38 90 94 (3196)
24 36 38 90 (3336)
1 94 97 (3768)
31 90 (3808)
36 38 41 57 94 97 (3312)
67 94 104 (3472)
2 94 97 (3800)
36 97 104 (3368)
23 36 38 90 (3272)
1 36 67 94 (3588)
38 90 94 97 120 (3664)
23 71 94 (3040)
1 36 41 71 90 (3120)
36 41 57 90 94 (3432)
36 38 90 120 (3752)
36 71 90 (4884)
23 38 90 94 97 (2976)
2 38 90 94 97 (3696)
6 97 (3156)
23 36 38 67 90 (3128)
2 38 90 (3816)
38 94 128 (2968)
38 67 94 97 104 (3024)
36 38 56 90 94 (3744)
1 88 94 (2960)
38 57 90 94 97 (3408)
71 94 (4884)
1 90 94 97 (3768)
67 (5316)
36 67 94 104 (3472)
23 36 67 71 (2968)
36 79 90 94 (4744)
36 55 90 94 (3328)
79 88 94 97 (3336)
1 41 67 94 (3312)
36 67 94 97 104 (3224)
36 38 79 90 94 (3160)
36 79 90 94 97 (4256)
1 71 94 97 (2980)
36 38 90 94 120 (3752)
36 38 67 71 90 97 (3192)
1 41 67 71 90 (2984)
6 90 94 97 (3106)
11 38 94 97 (3016)
